6.038209652996281e-14
1.0
1.0
0.0861846856152481
2.45892745815916e-16
1.0
1.0
1.0
5.3018335901207794e-11
1.0
1.0
1.0
1.0
1.0
0.0667542919330043
5.17821239763021e-10
0.374743952808132
3.07359808632431e-06
1.0
1.0
1.0
9.22462007416932e-23
1.0
1.0
1.0
1.0
0.32156825752007695
1.0
1.0
1.65540558873223e-13
1.0
2.2690486853874104e-05
1.8123378694440902e-09
1.0
1.0
1.0
0.43039740855791797
0.00535195946405471
0.10002105057328999
1.0
1.0
0.0374485879402485
0.0038271840265490004
0.000174035700804988
0.0158991939143404
1.0
7.575372284240709e-26
1.0
1.0
1.0
1.0
1.0
1.0
1.0
0.0189281959409527
1.9211252755949e-15
1.0
0.0510647288769597
1.78619826403281e-05
1.0
1.0
1.4134211536556002e-06
1.0
1.0
1.0
1.53816824496597e-10
1.0
1.0
1.0
1.0
9.088742217812859e-08
1.0
0.10259855465205399
1.0
3.6872921871833506e-14
0.23925443553838802
1.0
1.04859651301044e-25
1.0
1.0
1.0
1.3262241690846801e-05
4.04288154210758e-11
1.0
2.86685520355889e-11
1.0
1.0
3.4599493138563803e-11
0.0107442648914605
1.0
1.0
5.9760720175563495e-12
1.0
6.03009471777397e-08
1.0
1.0
1.0
8.46758107416049e-18
2.7112158331770398e-14
1.0
1.0
0.175398974635977
0.272826014239401
1.0
1.0
1.0
0.00238834947166618
1.0
1.0
0.5521789012767571
1.0
1.0
0.00316554854998381
1.0
1.0
1.0
1.0
1.0
1.0
1.0
3.0825577257894298e-27
1.0
1.0
1.0
6.121040121869001e-10
1.0
1.0
1.0
7.06770129630841e-08
0.8217328093064459
1.0
0.0705337204391772
1.0
0.147193568373439
1.0
1.0
0.0156277039253482
0.314947478959548
1.0
1.0
6.107785817341109e-13
1.0
1.0
1.4369558047897401e-15
1.0
1.0
8.954938687620791e-07
0.00322160086971325
7.42505819298867e-11
5.7849559092304494e-06
5.486582307263679e-21
1.0
1.0
1.0
0.0569384191422033
0.00502644665739027
7.74831722001494e-14
5.0608983155277605e-09
0.0119097389865495
1.0
1.02244772638124e-21
1.0
1.0
0.00232863926668109
2.6290133928471502e-11
0.39996267377091704
1.0
1.0
1.0
1.0
1.0
0.7181694685994059
1.0
1.0
1.0
1.0
3.0587320602803303e-15
1.0
1.0
1.0
1.0
1.0
1.7482613793128602e-08
1.0
1.0
0.0009052041749892481
1.0
0.0140576169363914
1.0
1.0
0.252673464366041
1.0
1.0
1.0
0.00046523593411906204
1.0
1.0
1.0
1.0
1.0
1.30900599965002e-11
1.0
0.00130776483581337
1.0
1.0
1.0
1.0
1.0
1.0
1.0
1.0
1.0
1.0
0.0105805211035105
0.782440890562447
1.0
1.0
1.0
0.00192939017754395
1.0
1.0
2.6051617656717897e-12
0.00135630093835509
1.0
1.0
1.0
4.24623166941964e-08
1.0
2.2716655481908602e-13
3.96731871576861e-11
1.0
0.0019489696564027102
1.0
1.0
1.0
1.0
1.0
1.0
1.0
1.0
1.0
1.0
1.0
1.0
1.0
0.304448621591359
5.89939539290828e-18
2.0084864964827702e-08
1.0
1.0
0.000641124215549875
0.32952319407278496
1.0
1.0
1.0
1.0
1.0
1.0
1.0
1.0
1.0
1.0
1.0
0.0544145581214886
0.37957789114075297
0.693175857077912
0.010364230069226
0.0027699598954637
5.92933987458535e-22
1.0
0.0745018155792823
1.0
1.0
1.0
4.0587819021889706e-05
0.000137738497052489
1.0
1.0
1.77002575625783e-11
1.0
1.0
0.65272714322502
1.0
4.5031553351792105e-05
1.0
1.0
7.83358075514368e-19
1.0
4.1000700866719396e-14
7.88752753922113e-22
2.70686022208911e-05
2.27781692627678e-13
1.8088990786897699e-13
1.0
1.0
1.72134616375799e-18
5.85296148967663e-07
1.0
0.15438563108114003
2.08278101729598e-08
1.0
1.0
1.0
2.60305898685656e-12
0.0826423256646251
1.0
0.000457842887984729
0.00149574439639249
0.0186997844512092
4.88831091950854e-07
1.0
1.06297138597671e-05
1.0
1.0
0.0105782060247528
1.0
0.00125946719629415
2.8318855877568297e-10
1.0
0.49456351705192997
1.51751206916172e-08
9.858517080346908e-07
0.0129568936622334
1.0
0.000142352955392709
1.0
1.0
0.0141848658121341
1.0
1.0
4.8177162259816395e-06
1.21047913845223e-21
2.7608653025036895e-05
1.0
1.0
0.00351479131762491
4.3058373806114305e-08
4.90563761741262e-22
1.0
1.0
0.504941636107329
0.0149306056853595
3.5664214498258e-08
1.0
1.0
1.0
1.0
1.0
3.2253530494463697e-13
1.0
0.0134384494155877
1.0
1.0
1.0
4.85402643537136e-28
1.0
2.9204387915094605e-13
6.70657963850424e-05
1.0
2.31724658086755e-14
1.5209140193702e-06
9.062564971436148e-22
1.0
4.9773030565159005e-06
2.2147073534203694e-17
1.0
0.00969028507032051
3.2754657509120004e-13
3.08368161732552e-11
1.0
1.0
0.00276374748223551
1.47813951141072e-12
1.0
2.50621680675007e-07
1.0
1.0
7.68084385397089e-20
1.0
1.0
1.0
1.0
7.10051958550383e-08
1.0
5.648003847982671e-21
1.0
0.0015583444306166599
1.0
0.00016172874706299098
1.32496994009145e-12
0.00173221578109652
0.27321630801320496
0.559034358545064
0.00442977121924176
1.12350290825552e-09
1.0
1.3092334499098599e-25
0.00272061350361052
1.0
1.0
1.49925584034549e-07
1.4799605697513e-06
9.15332796648555e-15
1.05137916664853e-08
1.0
1.2139714259681202e-08
2.76847467201365e-12
1.0
8.514842733932119e-08
1.0
1.0
0.0403857850390931
1.0
1.0
0.0695134815964356
2.93930884683433e-19
1.0
1.0
1.0
1.0
2.0191188918456105e-15
2.33612594662996e-16
1.0
1.0
0.32969033869477005
1.41597396403145e-10
1.0
1.0
8.2108406139784e-09
1.0
1.0
1.0
1.0
1.0
0.105584990386159
2.81323359329993e-08
0.00544772224113897
1.0
9.2260937489907e-11
1.0
6.811681237816549e-19
1.0
2.79808845849038e-06
1.1582128580501402e-05
2.44779662160035e-10
3.5321712887144504e-12
1.0
0.000937252674914192
1.0
1.0
1.0
1.0
0.00708714926320906
1.0
1.0
0.0022687281003955896
1.0
1.81281045764937e-11
1.0
0.000337692822056746
0.0273002859075673
2.23685025813308e-17
1.0
1.0
5.0787175419603605e-14
1.0
5.2422530545479206e-05
0.19886921680470898
0.0358824219024567
0.0383130749020298
1.0
1.0
1.0
1.0
1.0
1.0
1.0
1.0
1.0
1.5795491345114e-23
0.0107308291468383
1.0
1.97305711322166e-30
0.000107170716019393
1.0
1.0
1.0
1.0
1.00536788559374e-07
3.82550252295419e-16
1.0
3.44657708883918e-28
0.0005440557586306549
0.40575497852708703
4.3334405893050896e-21
0.06758251246972201
1.0
1.26346329436922e-33
6.11113277575787e-08
2.6265953222286e-06
0.000175740980342337
2.14071954116634e-06
1.0
1.0
5.2318038018704e-10
1.0
2.10307153737243e-06
1.0
1.77087107198235e-32
1.0
0.0115115183763822
0.8398832372479691
2.37612680962173e-07
1.0
1.0
0.00382003362466435
1.0
1.0
1.0
4.76745659221802e-06
1.0
1.0
1.0
0.412782899887636
2.1754126390165003e-08
9.30250770503992e-10
1.0
2.2525806216611697e-11
1.0
0.0369495686640415
2.5501876738752397e-05
8.978236011884039e-10
0.016484886871498003
6.600490866373901e-07
1.0
0.0123966285271092
1.0
1.0
0.000401838660975535
0.15955362110125199
0.0722040571932088
1.0
1.0
1.0
1.0
1.15953766508027e-12
1.0
1.0
2.77766858902403e-10
0.12326245486206802
1.0
0.00850341358956707
0.15250876677094802
1.19968302622614e-08
0.134016897246509
2.39576662868742e-11
1.0
1.0
0.000848074624611019
1.0
1.0
0.46659777485216997
0.000246975612944956
1.37032725800886e-25
0.0018364228159079602
1.0
1.0
0.00101616610489357
1.0
1.0
2.92245977504453e-07
6.217168810148099e-10
1.0
1.0
1.0
1.0
1.0
1.0
9.42549538436718e-09
1.0
0.479845455096556
1.0
1.0
1.0
1.0
0.4377264351434071
7.056920250525051e-16
2.69922817035553e-05
6.939929189378771e-05
9.33656906513202e-17
7.256036825945991e-05
1.0
3.84487740400455e-12
1.0
0.00019887344688254398
1.0
1.0
1.17340747407196e-05
0.37265238051531
3.51270168250964e-09
0.000170376192512398
3.66218468364822e-29
1.76804661038207e-11
1.0
1.0
1.0
1.0
1.0
1.0
1.0
1.0
0.0110864310545904
0.26811095799977896
1.0
3.90424287642012e-05
2.3983320964654605e-13
3.3061256348584697e-23
4.50845531915596e-13
0.00931746522524313
1.0
0.0290517183122522
0.00040606830778708704
1.0
0.0019901180146477604
5.557420888274771e-05
1.0
0.00105925947666532
1.0
1.33949516086615e-32
9.73746617110766e-06
1.1415830663366498e-09
1.0
1.0
6.26445536601844e-15
1.0
1.0
1.0
1.0
1.0
1.0
0.0125527510053933
1.0
1.0
1.6339768458078003e-11
1.0
3.8356780499885e-08
1.0
0.46814316308291704
0.000748800573295609
4.57772315884371e-10
1.0
1.0
9.59641839801461e-23
1.0
2.0663244287169097e-20
0.055668159064782
1.0
1.0
0.000602710902344596
6.79114395839789e-20
2.2753270505544398e-17
1.0
1.0
1.0
0.000500800637246448
1.0
1.0
1.0
0.00323957667982903
0.0002717793346122
1.0
0.0586085012305659
7.87947370902887e-15
3.19063156067731e-06
0.252276859982237
1.0
0.0589208858776233
1.0
3.6033485721781e-08
3.6244495624471794e-19
0.8223153260737479
1.0
0.0580666909011058
1.0
1.0
1.0
5.7764520266543896e-11
0.00195579150594151
0.35621878529023104
1.0
1.0
1.0
1.0
0.952161807198336
1.0
6.926399344240531e-10
1.0
1.0
1.0
1.0
1.4778288694768398e-10
1.0
1.0
0.000134656435798789
1.0
0.00162061509765334
1.0
1.0
1.5170183130503998e-11
1.4316979889035698e-22
8.176661990671911e-10
0.0047434557723041205
1.0
8.3627667593666e-08
1.0
0.000683538142843641
1.0
9.36740241462338e-06
1.0
1.0
7.024022122690559e-12
0.000702070096859094
1.0
1.0
1.0
1.0
5.16001831285348e-32
0.26539464877534097
1.0
3.34956387692968e-09
1.52088682258607e-14
1.0
0.0106017003368384
1.0
0.0592017456171839
1.1109512138400101e-11
1.0
0.231883005971765
1.63692398193749e-19
1.0
7.659332199770408e-05
1.14327713709273e-09
0.0105538563250976
1.0
1.0
9.27335428277534e-12
0.261207292044051
0.00018216727709788
1.0
0.0945600634850662
1.0
1.0
9.112494246805529e-17
1.0
0.0431532020377567
1.0
1.92358338738318e-15
1.0
1.0
1.0
0.0065359057930319394
0.0881751006742322
0.0503089311507572
1.0
1.0
5.29868624139384e-06
0.000352181274714923
0.10604371867798802
1.0
9.138124642008729e-11
1.0
1.0
3.59174408964262e-08
0.0038211708549397297
1.0
1.0
2.0161066904468598e-28
1.0
2.80626147374708e-19
3.04059770272154e-06
1.1833241718639198e-19
5.57029383540365e-11
1.0
1.0
1.0
1.0
1.0
1.0
1.0
5.97391213568941e-06
1.0
1.0
1.0
2.06495255895689e-08
1.0
1.7425790879200799e-31
1.0
1.0
1.0
1.0
0.00154016741511263
1.0
1.0
1.0
1.0
1.0
1.0
1.0
1.0
1.0
0.000326433902482535
0.468987063645617
1.0
1.0
1.0
1.0
4.0157632108987597e-19
1.0
1.0
0.0028963525682872302
0.22852084985825
1.0
1.87456607862352e-10
1.0
0.0005156464720467531
1.0
1.0
1.0
1.0
1.0
1.0
1.0
1.0
1.0
6.819632417017099e-09
1.0
1.0
7.46160485299083e-10
1.0
9.504154011685919e-18
0.000409542564023252
1.0
1.0
0.115893406432138
1.0
2.8683838392420504e-13
1.0
1.0
1.0
0.000106574331732486
4.2920974978883695e-06
2.30420302285567e-05
1.0
1.0
1.0
0.0153543632849204
1.0
1.0
0.0363053286168549
1.0
1.0
4.6681274693544104e-17
1.0
1.0
0.418783973814312
0.33607292939138894
1.0
0.00721253933511635
1.0
0.00025437548312894
1.0
1.0
1.0
1.0
1.0
7.377035807543e-39
1.3169351636439302e-13
1.0
1.0
1.3325172422797803e-15
1.4321192129307e-16
5.17085575456413e-10
9.172248019792538e-32
1.0
1.0
1.0
1.0
0.00012066570893455
1.0
8.72851268948251e-06
1.0
1.68050529947748e-10
1.0
0.0911328301518948
1.0
1.1028921116455602e-06
2.34202031115287e-08
1.0
1.23962911589139e-06
1.0
1.0
1.0
1.0
1.62887574535821e-12
1.0
1.0
1.0
1.0
1.3844473456673301e-15
0.0007206116080828719
1.0
1.0
0.17718967881446104
0.00022129556409344702
6.50564193915059e-07
1.0
1.0
1.08673563791855e-06
1.0
1.0
1.0
0.000300864171008182
0.190063104161373
5.08202710036615e-10
1.0
0.0228419041172458
1.0
1.0
1.0
6.94884388825028e-13
1.0
0.000262796488771145
1.0
3.99382080953429e-18
1.9067908948613102e-07
1.0
1.0
1.0
1.0
1.0
9.39089819835154e-10
1.0
1.0
3.93500082010265e-06
1.0
0.0378263102078011
1.0
1.0
1.0
1.0
1.0
1.0
0.515992912040256
1.0
0.0389406831050194
1.0
7.714384815492349e-20
1.0
1.0
2.3081937340685e-06
8.720710152337071e-16
1.0
1.0
1.0
1.0
1.0
5.657466271626529e-05
8.63617620349802e-23
1.08820801842469e-10
1.0
1.0
6.49375005528017e-31
1.1399209715586399e-05
1.0
1.0
9.23698864525995e-18
1.0
1.0
1.0
0.00029701435462787097
1.0
6.69807359924925e-17
1.48334609430839e-14
0.20521146191610298
1.0
3.08621035307148e-08
0.391008086652565
0.0469944843476383
0.26566650972868106
1.0
1.0
0.0631166679780351
1.56610817682444e-17
1.0
7.26544221472254e-14
1.0
1.0
5.414830480945029e-07
2.8184990312451197e-19
1.0
0.004660356632063821
1.0
1.0
2.5827804210807e-13
1.0
1.0
3.13614584606107e-06
1.0
8.05972954924633e-12
3.70827188445678e-06
2.6085497945111102e-11
8.356488159901201e-12
0.0986842378171816
1.0
4.9921993113494e-20
1.0
1.0
1.3206723610365e-08
1.0
1.0
1.0
2.3537559229201398e-39
0.0507351710603616
0.0129306727280546
1.60175948682996e-09
6.64805179122526e-12
1.0
8.560445254492329e-05
1.0
3.74670692905098e-05
1.0
0.0500554075651797
1.0
4.69282792716394e-05
1.44149496187215e-12
6.703605828593449e-10
1.0
9.70013411947064e-10
6.32216385684244e-33
3.3473667569799496e-33
0.0142493984024602
2.17666826779169e-06
1.0
1.0
1.0
1.0
1.0
1.0
1.0
1.0
1.0
1.0
1.0
1.0
5.33256712074852e-06
1.0
1.0
3.4584412593196393e-23
1.0
0.46805551103785
1.0
1.0
1.0
1.0
1.0
1.0
1.0
1.0
1.0
1.0
1.0
1.0
1.0
1.0
1.0
1.0
4.5962384235906297e-11
1.0
1.0
1.0
1.0
1.0
1.0
1.0
3.77914879983591e-05
1.3472075810519e-13
1.0
1.16620732380689e-26
1.0
1.0
4.3499890840241104e-05
1.0
1.0
4.12954737984706e-11
1.0
1.0
1.0
0.042633405195731
1.8472852730489898e-09
1.0
4.6100146310141897e-17
1.0
0.00171732877982917
1.0
7.05781658720775e-12
2.58601124706952e-05
0.0165984420204001
1.43049286104576e-09
0.15073738903728304
3.886353238162921e-09
1.0
3.6176792668053204e-11
9.910885802166901e-26
1.0
4.4001740552604706e-07
1.0
2.7745991220169105e-08
1.64026847258213e-05
1.0
1.0
4.97453798449768e-10
1.0
1.0
1.2298460702645799e-23
0.000132622772662854
1.0
1.0
1.0
1.0
1.0
1.0
1.2669509871385801e-05
1.0
1.56530408485794e-18
1.0
0.000608453785231408
0.43959175374889503
2.65193333958983e-07
1.0
1.0
1.0
1.0
1.69696391288044e-21
1.0
1.0
0.0787401770464815
0.00025020859362498703
1.0
1.0
1.0
1.0
5.38458252426725e-09
2.60071919538161e-05
1.0
1.0
0.265551305406816
0.00147350008858089
1.0
1.0
1.0
1.0
1.0
1.0
0.000267949361734783
1.0
1.0
1.0
0.007029179698959421
1.0
0.000121906627249405
1.0
1.0
0.00156704935567807
1.81580028932244e-22
0.43974729757151904
1.0
0.00410597072677305
0.541096251177412
2.67624496221721e-05
1.0
1.0
0.229179015133762
0.21357437119515899
1.0
0.000100192645824691
1.0
1.0
0.11268105359561
1.0
1.0
1.0
0.8244662867775759
1.0
4.957842498024179e-07
2.1427226069075e-15
1.0
1.0
1.0
1.0
1.74413573824163e-22
3.779116235675229e-17
0.0184218200545306
1.0
1.0
0.10650349127393302
1.0
0.00473758688421717
2.58520887647247e-20
2.82305910896351e-07
1.0
1.0
1.0
1.0
1.0
1.0
1.0
1.0
1.0
1.0
1.0
1.0
1.0
1.0
1.0
1.0
1.0
1.8518248254339898e-07
3.97656782190063e-05
5.1758864144335605e-06
1.0
1.0
1.0
1.0
1.0
1.0
1.15946759524517e-18
0.0559051859111421
0.0320929793010731
1.0
2.70953010453223e-06
0.041588974482486996
1.10368703162886e-09
1.0
1.0
1.0
1.0
9.25749727656019e-05
2.18107261745249e-07
5.24770712271341e-05
1.0
0.00842318674330542
1.0
1.0
1.0
1.0
1.0
0.24940503908102
1.0
1.0
2.29485779592404e-08
0.5827887587582851
1.0
1.0
1.0
1.0
1.0
1.0
0.00276645448595115
1.0
1.0
1.1378736972027e-12
1.0
1.0
1.0
2.74578111558587e-09
1.0410926828956e-14
1.0
1.0
1.0
9.801449070057489e-24
3.5766545782588305e-09
1.0
0.28824726203523
0.00656316730638456
0.146557569543952
1.38782405782699e-06
0.00320578238901183
2.95424617865914e-05
1.0
4.85850426813826e-08
0.000122963174411194
0.0156090855165159
6.12714455060051e-14
0.334571853201771
0.0121090159669698
1.0
4.49074197739009e-14
1.0
0.000559727531380068
9.36866124403883e-06
0.0070092937820863
1.0
0.00490150686624964
1.0
3.1604328761500503e-07
1.0
3.43403352793167e-05
1.0
3.55822829258546e-16
1.0
1.0
1.0
2.7948454199698803e-07
6.75250120914789e-09
1.0
0.00318792813271432
1.0
1.0
4.11406907030671e-12
6.89058268420282e-11
1.0
0.01806903261176
2.5892549069956602e-11
0.319894775244984
0.006158687827010871
1.0
1.0
6.8882326724334806e-09
0.000336731787239979
1.0
3.6301465859876704e-07
1.0
1.0
1.0
2.47040941181258e-06
0.7340642863517479
1.0
2.97526141769101e-07
0.11055136679582002
0.0022613919114327303
1.0
2.12096020946136e-22
1.0
0.171901058301884
1.0
1.0
1.0
0.000536589186616463
1.0
0.280611629304317
1.0
1.0
1.0
0.3239259012361839
1.0
0.000566009036442498
1.0
1.0
0.8317480293382908
1.0
1.0
8.87715956246058e-12
5.24576153030186e-07
1.0
1.0
1.87388006520724e-06
0.442788542464936
1.9230989538649698e-19
1.0
1.0
2.8406728918616603e-05
2.16856282565781e-18
1.2639183979594e-06
1.3960203321070701e-12
1.0
8.877716994404391e-05
0.0024870274852795
1.0
1.0
3.316763386019289e-25
1.0
0.0140030112830622
1.0
1.0
8.313629194000278e-15
0.0067563564175134
1.0
0.00263518619348244
2.6679035508331603e-11
6.69593355078027e-09
0.4968543471599621
1.0
1.02530754484916e-15
1.22707797520235e-09
1.0
4.514151161685821e-13
0.18732614634687497
3.7147922160930797e-13
1.0
1.0
7.36092796841836e-13
0.505493042780802
1.0
1.96841756053699e-06
1.0
1.0
1.0
2.6993203990748298e-17
7.704307156930009e-14
1.0
1.0
0.0848133553738181
5.62869706087685e-11
0.00197714656109543
1.7834500806121e-14
1.0
9.25761623816102e-08
1.0
1.0
0.403334960493617
0.000399917460613974
1.0
1.0
0.45568271407790795
1.0
3.07186594186068e-05
1.0
1.0
0.292534119565924
1.0
2.42564912068277e-08
3.10802990440082e-14
1.0
0.0984264964987844
1.0
0.0013464253558242599
1.7840352964169898e-18
8.12742606279824e-15
1.14747040452713e-11
0.0163026326214959
1.0
2.7644164041398e-13
5.69624942903626e-09
5.43826749307222e-18
1.0
3.98309327269747e-09
1.0
1.0
0.201516310456074
1.0
9.49529866855172e-24
3.5614237141067103e-09
1.0
1.0
1.0
0.367486075105628
1.0
1.0
1.78597628685292e-12
1.0
3.31039020879474e-14
1.0
0.000661567575145481
1.39119410110072e-16
0.28572544105991
0.00040685619609529
1.0
1.0
3.17290701784863e-10
1.0
0.00428965226035775
2.0410826460867603e-11
0.0021324653048631
0.825258362369612
1.5575737034614903e-13
1.0
1.0
1.0
4.52943215547116e-25
0.00174786202742047
0.000935597673901573
1.0
1.0
1.0
1.0
0.0527842607253583
1.89138673380317e-14
3.7553664660605394e-05
1.7938490461554698e-12
1.0
0.000118015165152001
1.0
0.00040638833580031804
0.0121194985170551
1.0
1.0
1.0
0.264858694111659
2.0426659984679e-10
0.00019232311664244098
1.0
1.0
6.08647768291613e-13
1.0
1.0
1.0
1.0
0.0041550478943637795
1.0
3.10388927920413e-05
1.0
1.0
9.766808392959381e-12
0.30491596796971
6.60863375371597e-07
7.83199756951671e-18
1.0
1.8651363686665196e-13
1.0
1.0
1.0
1.0
1.0
1.0
1.0
1.0
3.6362441931913704e-09
1.0
4.072635973423049e-09
1.0
1.0
1.0
3.5321760332492297e-17
3.4561041786055897e-13
3.6771348661509e-12
1.0
2.7514426013091597e-06
1.0
1.3197460459839302e-13
1.0
3.2527182178854304e-17
1.0
3.2432771113060495e-08
2.74507071119143e-05
1.0
0.0398958101392016
0.0294227029755077
0.8543877311594671
1.0
7.99950515769916e-32
1.0
1.0
1.0
7.25724093943817e-06
1.0
5.34870546097164e-09
1.19345282483939e-06
1.0
1.18348930401188e-06
3.807091147981989e-17
0.0038457402768219103
8.68765988913923e-08
0.000212545116363149
0.11811481337522699
5.287455066703139e-18
1.0
1.0
1.0
3.8195297188121296e-26
0.000333367482999146
1.0
1.0
4.7714628172579503e-08
1.0
0.13876367379358498
2.7921993197087897e-13
5.659222632975601e-07
2.71378603626065e-16
1.0
1.96691586439693e-09
1.8089933874158e-05
0.000588657900272409
1.43050827407127e-18
1.0
0.00035625137821707997
1.0
2.04470793496218e-09
0.10048424519155802
1.0
1.0
1.0
2.65160312649856e-14
1.57478636563088e-06
1.0
2.55920489819844e-21
1.0
6.844270874823799e-27
0.000282680174244449
1.0
1.0
1.0
0.0912518298658005
1.0670786789943001e-10
1.0
1.2313593017221498e-16
1.0
1.0
6.326673862343111e-05
4.62623160493807e-06
0.142620749355202
1.0
4.1444540005297205e-11
1.0
2.1670409897809802e-10
8.08426931530333e-18
1.2907724933970901e-17
1.0
1.0
1.2010030480562e-06
1.0
1.0
0.0389013169404554
1.10474217356051e-09
1.0
1.0
4.7754014427195e-10
7.7015797260449e-13
1.0
0.262412140681054
1.0
1.0
1.0
1.0741495996637198e-23
1.0
1.0
2.1021964758719197e-31
1.0
0.000106270150362555
2.87893545999979e-09
0.0878372446454873
0.00172870868511242
1.0
1.93215825846898e-11
1.0
3.79673683145489e-18
4.81869146665257e-17
1.70281520222206e-08
3.27136610041163e-06
2.79970458764227e-07
1.0
1.4616673702160602e-11
1.0
1.0
1.31184628635677e-31
5.3690010365993795e-21
1.0
1.0
1.0
5.2334305775089504e-09
1.0
1.0
1.0
0.0801108584498032
5.04797002047169e-07
1.0
0.20072320452606499
1.40978271856964e-13
1.0
0.0179150070583966
1.0
0.007219323304811259
5.30934852344394e-09
3.5111445363828798e-12
1.68958526846846e-05
0.10741208596514999
1.3861023744687101e-05
0.00045394496851502693
1.0
1.0
1.0
5.037464845726e-07
1.0
1.0
1.0
1.0
1.0
1.0
1.0
0.0222444667322623
0.0580132825376755
0.0714482519979471
1.73529388571307e-06
0.0312096151434088
0.0725312588607082
2.90819629709944e-07
2.8007133664083e-05
4.781594066179679e-09
1.0
0.0396138080267027
2.1076810998457997e-09
0.000471386622152675
2.95781288001055e-05
4.21487301171794e-08
1.0
6.10608479970492e-22
1.0
1.27246530334925e-19
1.0
4.71441992781651e-22
0.000581930548786924
1.0
1.0
1.0
4.7021805049625897e-05
0.000170697764493413
0.0194115337276181
1.0
0.0867694501312144
1.0
1.0
4.81753746118172e-08
2.4436164424764703e-08
1.0
0.000193134059458676
1.0
1.64637051017311e-10
1.0
1.0
0.00455829943176987
4.180305612659299e-14
1.0
1.0
0.0271055242766148
1.0
6.72531980464701e-12
1.0
4.2991158679305294e-10
1.0
1.0
1.0
1.75160012810159e-05
1.0
5.31265110093158e-10
1.0
1.31535719664286e-11
1.0
0.21545858292967698
0.00133757003852089
1.5589152737277697e-09
0.0186033111022725
1.73079978733811e-15
1.0
1.0
2.05623254182099e-11
1.0
1.98704096619366e-11
1.0
1.0
8.04990040912017e-26
0.136532488668643
0.5565331326594201
9.43999709403145e-10
1.0
2.77397964188153e-25
1.0
1.0
0.0544097011197303
1.40771567055073e-09
1.0
1.2003638159781498e-07
1.7778974602593202e-09
5.925404622997e-06
2.29705048028262e-05
3.8129140077634e-11
1.0
1.0
0.024109935868983
3.3794965683143e-05
1.0
1.0
1.0
2.3357409723324104e-07
1.8976939584138e-07
3.13097558690091e-09
3.10114960834731e-05
1.89816754366377e-07
0.000557541021473241
1.0
1.62315850787287e-07
1.0
1.0
1.0
0.585359015504269
1.0
1.0
1.0
3.6317661511599206e-11
5.03347038061334e-05
0.0561231637107936
4.26245450837039e-09
1.0
3.2336306139125898e-18
1.0
7.365453762082909e-26
0.00129292473059999
1.0
0.000783365211216455
1.0
1.0
5.75494036520282e-20
1.0
1.0
1.0
1.0
0.00275345057470303
1.0
1.0
1.0
1.0
7.39952283533788e-14
1.0
1.58032515486489e-08
0.00274565551755507
1.0
1.0
2.2897084999388297e-10
1.0
1.0
1.0
0.00013413982959766102
1.0
1.0
6.21614466931454e-24
0.20905549398955497
1.0
4.40429952301694e-29
5.744893752265809e-20
7.32606100615448e-05
1.0
1.0
8.71767855098398e-15
0.0742130317857492
1.0
1.0
0.000308160790700588
1.74647635426909e-28
1.0590157635652199e-07
0.00214537828343515
1.0
5.32015435002366e-08
1.0
1.0
1.0
0.8664179032783459
4.659425080945829e-07
3.69274108821233e-10
1.0
4.9992353784591996e-17
2.85722982766877e-14
9.55658915317438e-16
8.59433110944766e-05
1.0
7.29828027261694e-11
0.0875342928311288
0.0004953251736094
1.0
1.0
1.3452005579596397e-22
1.0
0.00026468394582513196
1.0
1.0
1.0
5.89160467277171e-06
1.0
0.00321494268299764
1.0
1.0
8.074356934306959e-27
0.0009721115127493311
1.26558719475246e-09
1.35674277918875e-19
1.0
7.035710863749329e-05
1.6231307944308701e-24
1.5668983086374799e-12
9.53148317744889e-14
1.75383689137093e-06
1.3047691669393698e-19
0.109316324804675
1.0
1.0
1.0
1.89841512394933e-05
3.1241585296347302e-09
1.0
1.0
8.47746180277949e-08
1.0
1.0
3.0112392736786404e-09
1.0
1.8316020689496e-22
4.9756654647353095e-12
1.0
2.74873900388099e-07
1.0
2.86051860051893e-05
1.0
1.25660805037652e-16
1.0
1.0
6.1686746037447e-13
1.0
1.0
1.0
1.0
1.0
0.000979067944552775
1.0
1.0
1.0
2.01931020931638e-13
1.0
7.85372791109644e-17
1.0
0.7585273871730559
1.09834451341892e-06
7.14406286897556e-12
5.27908715943721e-12
0.0024868014095463698
0.446426882193289
3.9226425368617405e-06
1.0
1.0
1.0
1.0
1.0
1.0
1.0
1.0
1.0
6.0505465931520905e-15
0.000100288163545228
3.56028919058989e-11
9.08128458155722e-08
9.180083764797221e-05
0.443989320627361
1.0
1.0
3.10578121931575e-05
1.6670837972073898e-08
1.9714784502881302e-05
1.0
5.30588235994809e-06
0.0136034547399563
9.072100700915029e-07
1.0
0.471136787363757
0.00020499585584011102
0.0204637340722398
1.0
1.0
1.0
1.0
1.0
1.0
1.0
0.0019795351019431104
1.0
1.0
0.7814771230548109
1.0
2.89314200745047e-06
1.0
1.0
1.0
0.0405883747260909
1.0
8.55482968336577e-06
1.44641787783002e-08
0.00170826190408833
8.959271240496309e-13
1.0
1.0
1.0
0.0146197182674667
1.0
1.0
1.0
1.0
4.43313598263981e-06
0.00022780127611472998
0.492861174364853
1.0
7.88688097531863e-12
1.0663041507113399e-10
0.0007763157082110741
0.175612845932507
0.0018104874279368899
7.06182896108577e-08
0.0979497099303789
1.0
1.0
7.917409272632759e-05
0.22646522793898602
0.00033522760275315897
3.745102985094689e-25
1.0
0.00501637750075343
4.3647653293603496e-29
1.0
1.0
1.0
0.0012883748208210699
9.37597688697253e-06
5.176027878439349e-28
4.34406576974673e-15
1.0
0.447250370947293
0.0716483665459522
9.85365471276722e-08
1.3038098730013e-05
5.6031804968047195e-12
1.0
0.0146965272615112
0.004284117930525921
6.0343006806546e-12
1.5443036032121498e-05
3.93683709866613e-09
0.0344206054673049
1.0
1.0
1.0
1.0
1.18998786465472e-18
8.66029510701787e-07
1.0
0.0407155551730146
1.0
1.0
1.0
1.3607606129944798e-18
4.078553839425271e-05
3.90613054707649e-06
6.68029943746472e-06
0.000120566137738525
3.2529682980813996e-18
2.06760991658193e-06
1.0
2.20668347243404e-26
2.86247480836721e-08
0.0633661254895889
1.0
5.703259720791549e-06
1.0
1.7105362203399597e-15
0.317583843465423
1.0
1.30453203100142e-05
5.544250661887719e-06
1.0
4.77230267995073e-10
3.4632597474538196e-11
1.0
2.9772498301745002e-05
1.0
3.8141388254417296e-14
0.000160320381571927
1.0
1.0
1.0
5.28704586333836e-12
1.0
1.0
0.000410343575932744
0.00171449335770218
0.098452271612297
5.622490483731089e-07
1.0
1.0
8.889189600846999e-24
1.0
0.0160973433394736
6.25790324663768e-22
1.0
5.77423081655007e-20
1.0
1.54508087562613e-08
1.0
1.0
0.6466540543013239
3.89317273087489e-07
2.5345978075132996e-19
1.1915245754658999e-17
0.000910003857626882
1.0
1.0
3.50587295195669e-08
1.0
0.0999718191319491
2.67687658654554e-05
0.129596220368636
1.14575410077666e-07
1.0
1.0
4.991391012425821e-07
2.5167042757372503e-09
0.00136113211794942
1.58551746184268e-10
1.0
1.0
1.0
0.00440718710634077
1.0
0.0050886925461537105
1.0
1.0
1.0
0.5028612841273329
1.0
1.0
0.0068477969785453105
1.0
0.000272293089067879
0.35946160926089205
0.0011234420530540801
1.0
3.38307845810044e-30
0.000258382615607205
0.0296152112195
0.0131744441475115
1.0
1.38351401378286e-07
7.89678518453118e-12
1.0
8.007701527176729e-13
1.0
0.000149812415476583
1.0
4.76490731405989e-07
1.0
1.40138558551745e-05
1.64935004081426e-07
1.0
1.0
1.0
0.0159610840041623
7.25978324880623e-06
1.0
1.0
1.0
1.0
1.0
1.0
1.0
1.0
1.0
1.0
2.05186600115968e-19
2.72549881073047e-09
3.15320301683044e-05
1.79739530752523e-05
1.2242642216693e-29
1.0
0.00147020304752063
1.0
1.0
1.0
1.07003549867927e-06
1.17016397814641e-09
0.30721861421434493
0.500399184198728
1.0
1.0
7.50089981082699e-19
1.0
2.1699888885811698e-12
1.0
5.842998095144429e-14
1.22407282794449e-12
1.0
1.0
7.95716270777018e-10
1.69988164908829e-22
1.0
1.0
0.814474952249102
2.2561730707772998e-10
1.0
1.10087875718753e-06
1.0
1.04689085380988e-14
0.000312067271329503
2.00244447138823e-18
1.0
0.109885612989862
4.4469227250521704e-21
1.9463974608712298e-30
1.0
4.373454361214611e-06
2.00746757793779e-11
1.0
1.0
1.0
2.85547137032688e-07
1.0
8.91559824382135e-13
1.0
1.0
2.76741355623129e-16
1.0
1.9996664695550097e-14
0.564669487913433
1.27063626274979e-05
1.0
1.34314404478164e-07
1.0
1.0
1.0
1.0
0.0268869766352948
1.0
1.0
1.0
1.0
1.0
1.0
0.211044407815792
2.25627346296148e-10
6.296500795733721e-07
1.0
1.0
1.0
0.113811296558896
1.0
6.93971851081666e-05
0.000108815326256415
1.0
4.10234651299976e-06
2.74471775923431e-10
1.0
0.0475503540130625
6.9369322185114e-15
1.0
0.000821505601317585
5.3968858115378896e-11
1.83224661426421e-13
1.0
1.0
0.00729032977264562
1.8385085954870605e-13
1.0
1.12897974226778e-24
1.0
0.00012803572348384098
1.0
0.0604473966472378
1.0
1.0
1.0
7.533072266862099e-33
1.0
8.264604087153471e-09
1.0
3.3312800194650604e-08
1.0
0.00157997588384836
0.00030778524095261
1.0
0.12224219246265801
1.23012188697117e-10
1.0
1.0
1.37409896150179e-08
1.0
0.106007490066917
2.8958656160085998e-09
1.0
3.8273700523444097e-07
1.0
0.00485926904439973
0.0996417015025086
0.936433497593905
1.0
0.0260903095940967
0.10701203501072999
4.4626636778510597e-32
1.0
1.00867203884261e-08
1.0
1.0
1.0
0.000335995578652234
1.0
1.0
7.82711372293e-13
1.0
2.1114124069641e-22
4.9110738213402896e-23
2.5345977718137197e-07
0.00502562210544784
1.0
1.0
0.439063534137175
1.0
1.0
0.0059353124245271
1.0
1.0
9.01886946718813e-07
1.0
1.2541082965371101e-20
0.107654707833161
1.0
4.27209381126665e-08
1.8902706965216998e-19
1.0
4.672270616652411e-15
9.484241976269699e-12
1.49554484586922e-06
1.0
0.285334836983669
7.98994373781396e-06
1.99023362569227e-14
1.0
2.40320124035556e-09
1.0
1.0
0.0427564178729802
1.0
9.06474456569655e-24
0.127505003986348
0.00126331274659565
9.46008232302989e-08
0.00516188381406999
0.07183886170078099
8.463461673207029e-06
0.00100155670602059
1.0
1.0
1.0
1.39759779352605e-10
0.10194142220665801
1.0
2.84724357116799e-06
1.0
0.00315540478174698
1.0
0.00302343097589204
2.42073289527776e-09
1.0
1.0
5.627792414443861e-12
1.0
0.00470640923810461
1.30266586444884e-13
0.0897326453498036
1.0
1.0
1.0
4.42608327083611e-06
1.2866892040895299e-08
1.0
4.25966853404744e-23
1.0
1.0
1.0
0.00024474027081360696
1.0
0.000512538047821204
1.0
1.0
1.0
1.03100589972321e-05
1.0
0.0112540337046673
0.000203290449309771
1.17050765049027e-10
0.007352430095385841
3.0409844915299297e-18
1.0
3.80136110038334e-23
1.0
7.45793895526547e-13
0.175892591747899
2.25709306152679e-16
2.17451055175286e-15
7.4948209745773e-08
1.0
1.9196662518318197e-11
1.0
1.0
0.000178231787259281
1.0
0.000865882326168907
0.41918170808359206
0.0578059250986243
1.0
3.0216857083928197e-21
1.0
0.247109246062782
3.1039138850546603e-07
1.0
1.0
0.00917985854070475
9.012322072550679e-23
0.000650354778853964
1.19024598173805e-09
2.10283259685692e-07
5.922688245954421e-10
1.0
1.0
1.0
1.0
1.0
1.0
0.99085072519516
8.810253402020199e-14
0.000251451620796138
0.000158309193660382
0.000619060828410518
3.56927804013989e-12
7.40980465308624e-07
1.2125507243496999e-08
1.0
1.0
1.0
0.0041835086567493796
1.0
0.000208817157273061
1.70499457368503e-06
0.134683971232675
1.0
1.0
1.0
8.695950425340379e-15
1.0
1.75359559589033e-08
1.0
1.23151780593349e-09
1.0
0.000302360257965198
1.3224963158337e-16
1.0
1.0
3.6317803134060694e-20
1.0
3.32821313196683e-05
1.0
1.0
2.5981650176527698e-06
0.0909676313463919
3.89388872059915e-06
1.0
8.31922224098236e-05
4.89730891219904e-09
2.1398710764873395e-27
1.8815169844769902e-14
1.0
1.0
1.0
1.0
2.6683902864891e-10
0.0197961463972344
1.0
1.0
1.0
1.0
2.39046160909832e-12
6.51796238494556e-18
0.690825509711239
9.269917367001829e-33
0.0415229266812333
1.88160705759691e-06
7.141012466131441e-06
1.0
5.6422532498793895e-21
3.90475695129152e-08
1.0
1.0
1.0524122394302602e-14
0.19748662762606098
4.25163564414185e-05
1.03688027356215e-22
1.0
1.0
8.50381242760292e-14
1.0
1.40290602869591e-08
1.0
1.0
5.22369184903517e-11
1.0
7.2825856724683e-13
2.2800080238954496e-22
1.0
1.0
1.0
1.0
1.0
1.0
0.55741507975663
1.0
2.79342093727197e-19
1.0
1.0
9.653118459737129e-21
1.0
1.0
1.0
3.42411257164734e-06
1.0
0.0476471518552775
1.0
1.0
1.0
2.2363843476794198e-20
0.000141266159806119
1.0
1.20198262341038e-17
1.0
7.95214717183776e-11
0.12152685838733199
1.0676711611049601e-06
1.0
1.0
1.0
0.0212078641453858
1.0
3.91537202266699e-23
0.0535282793791215
0.00435475147133278
1.0
1.65185635051753e-20
4.56970244632832e-35
1.0
1.0
6.8208877794472e-09
1.0
1.0
1.28556263439069e-05
1.0
3.40642846529869e-07
2.1391489113702e-05
1.0
5.80542196218565e-11
1.0
0.0330312749039658
2.6937811161128502e-06
7.52856387850561e-24
1.66823134055941e-22
1.0
1.0
0.5431106240046261
0.00811607286155647
5.96343529315653e-15
1.0
0.0434444462086151
1.0
0.00346028513316478
1.0
1.1126420891319501e-05
1.0
1.0
1.0
1.0
1.0
1.0
1.0
0.000665723191019258
4.71432164900113e-13
1.0
1.0
0.016121266315633
2.1336846232815396e-27
0.00108800638371598
0.0347572922724529
5.69434625295676e-16
0.00113270359950237
1.0
0.4755043848444311
1.17721198813223e-24
1.0
2.65899301682913e-05
1.0
1.0
1.0
8.32895045877536e-15
6.27658063693189e-14
1.0
9.33594339815324e-24
8.5374547457728e-08
1.0
1.0
6.12901082733822e-19
1.27273045323988e-06
0.000257617807901124
0.00284434214977883
7.807687330348392e-09
1.0
2.5446523039688103e-09
4.70548801928644e-19
0.00112286523994266
0.024568503620464
1.9962362693925102e-15
1.0
5.47640122781305e-11
1.0
1.0
1.0
5.530623699622261e-14
0.17515110434988
6.51919468929108e-05
2.1573014390778104e-12
5.71059157194249e-17
2.26461692418268e-05
1.0
1.9149478318453898e-07
0.00414956749889651
1.0175972045343999e-06
6.051043224984289e-09
0.326297201450866
8.45771321601087e-08
4.20833144068846e-08
1.0
1.0
1.0
0.008557957920509491
1.0
1.0
0.000688096437866455
2.1923849372416602e-11
1.888967751314e-06
1.0
1.7667753232530702e-09
2.32997471111691e-10
1.0
1.0
1.0
1.0
5.84942607823399e-11
0.11799781942471901
4.87035977953476e-15
1.0
1.0
1.06841716722587e-08
8.16701055611287e-07
7.878770752927479e-17
0.0142019235975189
1.0
0.0121669432481283
1.0
1.0
1.0
6.3382953505844805e-24
1.0
1.9143034097404698e-39
1.0
1.0
1.0
1.0
1.0
3.3598403291039004e-05
7.60743370579265e-06
1.0
1.0
1.0
0.00103448928714534
1.0
1.0
1.0
1.0
1.21466411274901e-08
1.0
1.0
1.78563454486094e-22
1.3752313953636296e-24
1.0
0.00277728375190763
1.0
2.41566505033386e-14
1.0
1.1462456432365499e-27
1.0
1.0
1.0
1.5998236315781198e-18
6.43742031955554e-05
1.0
1.0
0.35920859484922996
1.0
0.255252215112758
0.18277723874672602
0.0116311649904739
1.0
1.0
1.82641378222893e-14
1.0
1.0
0.0156196032877022
1.0
0.962279838968155
1.0
0.0047431437889756895
1.0
0.000181700934472959
2.0610563689923603e-05
1.0
1.0
2.1188774293813e-17
1.1314461022057599e-12
3.6353158858352303e-14
1.15165390996651e-05
1.0
8.67700831709373e-05
3.4475647768596e-08
6.77679418696447e-21
2.14723357890879e-10
1.0
3.97521386514958e-24
1.0
1.0
1.0
1.0
8.474170699126809e-06
6.06274715845089e-16
0.523546148718563
1.0
7.789231588628e-10
4.92532447755896e-07
0.0913921737189127
0.7377541155300509
5.1004190573667203e-11
3.57323917848235e-07
2.70861044217198e-20
0.0235868255302837
4.3692891053310906e-13
4.1605407915653206e-05
1.0
1.0
1.00772980882224e-18
1.0
2.7263248491616396e-05
0.000517439885747519
1.0
1.0
1.0
1.0
1.1625221543539198e-18
1.14950516817145e-05
1.0
1.0
1.0
1.0
0.00408037430591101
0.9828734596843309
4.24042362706117e-08
1.0
1.0
1.69564583449741e-07
1.0
1.0
1.0
1.19578119429067e-19
9.46298184800784e-12
1.0
1.0
0.347746731656162
3.9252711275582896e-05
2.89301276906295e-06
9.91508733571015e-09
1.0
1.98548724676711e-21
1.0
1.0
0.6671890345231639
0.744953734035249
3.8107476158779794e-13
1.0
1.0
1.0
1.55727778559725e-07
1.0
5.44777498187266e-22
1.0
1.0
1.0
0.0441199147741113
1.0
7.24444694802581e-05
1.0
1.0
0.322621554463063
3.3586683191903597e-09
1.0
1.0
0.0009245281781691801
1.0
0.00015126444090309698
1.0
2.1801352270593303e-11
1.0
0.000203591421704029
8.827816690072609e-33
1.0
6.82884247439559e-05
9.04628010601942e-30
1.0
1.0
1.0
1.0
7.715692798271479e-06
6.9315062133889284e-09
0.37858812565126704
1.5477205240956698e-23
5.16867331434674e-34
5.993598206078079e-19
1.0
1.0
3.0722076632873803e-07
1.0
1.0
0.0597862068038333
1.0
0.13232047077140302
1.4984832014798199e-18
1.7348286339512199e-22
1.0
1.0
1.0
1.0
1.0
0.0119428127443929
1.0
2.46071772759252e-12
0.000131924345531799
1.0
1.0
1.0
5.6079202036900094e-11
1.0
0.00915310656771671
2.32588555202924e-10
1.0
0.0259577355035604
0.925061841812765
2.5265011360851697e-23
1.0
1.0
1.0
8.126349798560501e-13
1.0
1.0
7.17953129969985e-22
1.0
1.9602809149812e-15
1.0
1.0
1.72791491088522e-05
0.0194179121514692
0.0720667844243895
1.0
7.307256119310419e-25
0.000288939124194523
1.63615733287539e-20
1.0
4.46728325575563e-08
4.1196434046034195e-26
1.0
1.0
1.0
0.000435048223029971
1.0
1.0
0.8027269395400329
1.0
1.0372639380991601e-05
1.0
1.0
1.0
1.0
6.56559982819774e-10
1.0
1.0
1.0
3.58162014833688e-05
1.0
2.1468449586074602e-09
1.78582337506709e-16
1.38415704251022e-12
1.0
0.496311146883191
1.31743798801919e-09
8.53644231562644e-05
1.0
6.771658471258779e-07
5.10796889695954e-16
1.0
1.0
3.64280768610366e-31
3.7480484094957897e-13
0.0008403894969022031
1.0
0.882427161092267
1.04501208719364e-05
1.0
1.0
1.29479284731694e-10
0.406505159647694
1.0
0.00351031619197321
1.0
1.0
1.0
1.0
1.0
0.018645423115809
4.7536511363476e-09
0.00018761002750584398
1.0
2.8598615945574797e-05
1.0
1.0
1.0
1.0
2.07717389685987e-12
8.91084075698279e-10
1.1715973678917401e-07
0.000135733263526364
1.0
2.4037936869754897e-07
1.0
1.0
1.0
0.00014878585847290902
1.0
1.61106761074538e-19
1.0
1.0
5.830611425896159e-09
0.397169228112019
0.0036999561472276
0.0113055532688458
0.000191312837630143
0.00197270161266344
1.003912225736e-29
1.31674448912933e-21
1.6696767189010199e-18
1.0
0.000356682475845482
1.0
1.7207833958172702e-12
1.8230514570895098e-12
1.0
1.0
1.0588208846846999e-20
1.0
3.77908209082069e-16
0.0103801066098698
1.0
8.88553529294727e-14
1.0
1.0
1.0
2.99334011183156e-10
1.0
7.71693895183705e-08
0.025383038254138998
0.8647064858481031
1.0
1.0
1.0
3.82607961786251e-11
1.0
2.5763845471186297e-22
1.43782373462412e-18
1.0
1.0
1.0
0.07397749454888901
3.98827380381947e-09
1.0
1.0772368554368301e-05
1.0
1.0
1.20809035631072e-17
1.0
1.0
1.0
0.1641428103989
1.7718168086205302e-15
3.653346880773e-12
1.0
1.7980473687216398e-05
0.025204659697694
8.306769317051591e-05
1.0
0.00135500041657629
1.0
3.24552399423297e-14
1.0
1.0
2.63902166792067e-10
0.0061853803919306605
1.0
0.007490333331637259
5.25415434767658e-10
0.0009715661447244061
1.50192219212065e-07
5.98894370445375e-09
1.0
1.0
2.93807606054274e-05
1.8877262840673e-20
0.46423461137160704
1.0
1.0
2.45490478963646e-12
0.0025981340289855897
1.0
7.28610938273406e-08
1.0
2.10885152098535e-12
3.5704777346381397e-09
9.65511582608574e-11
1.0
1.39475422158185e-07
1.0
1.0
6.31307969139447e-14
1.0
1.0
1.0
1.0
5.28950306614244e-07
1.0
1.0
1.0
1.0
1.0
1.0
1.0
1.0
1.0
4.468561019129021e-15
1.0
1.66902084455379e-24
1.0301833829160602e-08
6.023828806033001e-07
1.0
1.0
1.0
1.0
2.9811009969865094e-24
0.000408632507914392
0.5692698992656079
2.54633430081577e-08
1.0
0.000330885941432381
1.0
5.51679513714388e-12
1.0
1.0
0.000432253530876433
4.9885107277792095e-18
1.0
1.0
0.0247406919225068
1.0
1.0
3.97167846489924e-14
4.72516651564101e-10
1.0
6.03339563769542e-09
0.9062397291740469
0.00301067682858584
0.8526310522663729
1.0
3.22751588903149e-38
1.0
1.0
1.71517724245817e-05
1.0
1.0
4.1837831635786397e-13
1.6910720050464398e-06
1.0
1.0
0.13414268443252803
6.78161339741665e-08
7.897165212461009e-26
1.0
1.0
0.41897145727140894
1.0
1.0
1.0
0.45186670750074
1.0
1.2118973484493899e-28
2.44090923978051e-33
1.0
1.0
0.00398653847038331
3.96907058127117e-17
9.7371326873678e-23
1.69764238973647e-05
1.0
1.0
1.0
0.0015594606913854699
1.0
9.771489415695401e-06
7.584410998825558e-27
1.0
1.88734373642229e-07
1.0
1.0
8.471933119111491e-12
1.0
1.81563929118617e-07
1.0
1.0
1.0
2.73870706196921e-19
9.756530490903501e-16
1.0
1.0
8.4350699405392e-06
1.0
1.0
1.0
9.07734348462167e-12
1.0
1.0
1.0
1.0
2.1478067963826303e-06
0.30260870465642
0.35540221765938396
0.00422894335128052
1.72566442047446e-11
0.235080440660456
1.0
1.0
1.0
1.0
0.0824929248387432
1.0
1.0
1.0
1.0
1.0
1.0
1.04550993898236e-18
1.56282060129138e-07
1.0
3.57920970048618e-16
1.0
1.0
1.0
0.000663692180475475
1.0
1.0
1.0
0.282082071804339
0.9693041369749279
0.000159262845625186
1.0
1.0
1.0
1.0
0.252813922544394
5.7878684947879506e-05
1.0
0.302528548003403
1.0
1.0
3.46102704819331e-11
7.37875596595578e-20
0.43457443957746
1.0
1.0
0.00308030793904634
1.0
0.025460354588196
0.0208368568487956
1.0
1.0
1.0
1.0
1.0
0.7318404255891899
1.0
2.9517380461107498e-06
1.0
6.01135292060255e-14
1.0
2.6379182381036896e-19
1.0
1.0
3.44302093603795e-12
1.0
1.0
9.87191766414277e-12
0.505267751364208
1.0
1.0
2.49215593551834e-24
3.58185550090853e-15
0.004576147238901629
0.00011657965721059199
1.0
2.03203073400148e-18
0.662749671583308
0.0114358901694292
1.4873302764077802e-05
1.0
1.1031922332240101e-15
0.00011650588396223899
4.00771632092815e-16
1.0
1.0
1.2007060569184999e-07
2.1692761128762696e-23
0.6035769724053249
1.0
1.0
1.0
1.0
1.8509786035441698e-07
1.46179187209729e-05
1.05274461435562e-10
0.0023702572861824898
7.402322594579371e-09
7.489670876577141e-05
1.0
1.8287223010745197e-23
8.743889427719921e-05
5.9205048482422806e-33
1.59490206467891e-17
3.9133022318474203e-07
0.104148376152648
1.43555872996101e-15
0.399844482726676
1.0
5.92893642654344e-07
1.0
0.801431604711348
1.0
1.0
5.1117546087141995e-19
1.0
1.4483737681098698e-22
1.0
1.0
1.30223656507768e-08
0.0635152261207753
1.0
1.0
1.0
3.5850984284985e-23
1.0
2.1766022230636896e-21
1.0
1.0
6.57277475156542e-07
1.0
0.154276251312983
1.9084432100245397e-19
2.39934182214587e-06
5.63007691537753e-26
5.66089513662818e-08
4.3369561612044396e-11
0.0281545388387667
1.0
1.0
9.105249117197529e-11
1.0
0.0015096663505005802
1.0
1.33262885427591e-22
1.0
1.0
1.0
1.0
7.51490536296582e-12
1.88890875864887e-27
1.0
1.2870005039282199e-05
1.0
6.423160282553549e-20
1.0
0.000329182809724129
5.29625373465403e-07
1.0
0.6866544555213411
1.0
1.0
1.0
1.0
1.0
0.57268449090491
1.0
1.0
0.0130081375875291
1.0
7.96301018020652e-19
1.0
4.50283171348841e-09
1.2586801114229602e-07
2.6559656116716605e-11
1.0
1.0
1.0
1.0
1.0
1.2793569345159299e-09
1.0
1.0
1.0
6.631430028779139e-07
2.08049397130769e-22
9.997396352313171e-14
1.0
1.0
0.00891194515755718
0.6662926274593161
7.49685514384568e-08
1.0
0.10100026816983301
0.00208088030525139
1.0
0.00178952741242809
1.6365325981174898e-18
1.0
4.21583247805475e-09
2.05742178780406e-20
8.50753384659907e-07
1.1052869170955499e-18
0.0020191050895384897
1.0
0.0345901391018231
2.83978641305605e-15
1.0
1.0
9.98841945660078e-29
1.0
6.60933282456222e-06
0.0016725733843789901
0.0008820382616681901
1.0
1.0
1.0
9.27418225134122e-09
1.0
0.43835626465232297
0.000737601065245543
0.000705314807052464
2.24494219297233e-25
0.0158257392872353
5.03464259306261e-13
1.0
5.819907065386851e-05
0.7616330997435491
1.0
1.0
1.0
1.0
4.3118720330184204e-10
4.81146387266828e-16
1.0
1.0
1.0
1.96723590653306e-12
1.0
6.569278760192479e-38
0.000258411141561538
1.0
1.0
1.9243874930031198e-05
1.66217960805609e-27
1.0
1.0
7.494550064060731e-08
0.29324131266658304
1.0
2.25858924927499e-05
1.0
2.4922186168944e-09
1.0
1.4085221352189995e-43
1.0
1.0
1.2402338409322602e-15
2.21523514586474e-05
1.0
0.32806517063033597
1.0
1.0
1.4774010817261903e-05
2.07866501334147e-13
2.39435664228563e-06
1.0
1.0
0.0108927471774454
1.9362899003392602e-08
1.0
1.0
5.65352607067914e-08
1.45257977650722e-06
1.0
4.8372239974999894e-18
1.0
1.05349999747211e-05
0.0656654871094256
1.0
1.0
1.0
1.35655698545076e-07
5.4900677276758005e-05
1.0
0.35710470565619296
1.0
3.6307123339893795e-21
1.0
1.0
0.9714612179920781
0.701168489288823
2.9788243313040795e-39
0.242142879495675
7.440336967993269e-32
1.0
1.0
1.0
1.0
1.0
7.15936023368583e-13
1.0
1.0
0.0444166258272586
3.13986772710463e-20
1.0
6.835032637878489e-44
2.8798445951958098e-05
5.0869273993894097e-14
1.0
0.013563921517143999
1.0
1.0
0.0049879933314879105
1.0
1.28912833828369e-05
1.25857757992841e-05
1.20830901293414e-05
1.0
1.0
4.17281671740662e-06
1.0
1.0
0.00470561159044703
1.0
1.14953969203826e-05
1.0
3.7473324179557795e-17
1.0
1.0
1.0
1.0
0.12170523823002802
1.0
1.0
1.0
1.0
1.0
1.0
1.0
2.9014012756862402e-24
1.0
3.1450130894552598e-09
1.0
0.0314111421564722
1.0
1.0
0.0140330536201187
1.0
2.6323537526190803e-05
1.0
1.0
1.0
2.9685368465748495e-37
1.0
0.11950531296822502
1.0
0.0155851015836328
2.7428712877818896e-35
1.0
1.0
1.0
4.32494419994279e-24
2.4977651212765898e-26
1.0
1.0
1.0
1.0
1.0
1.0
5.34499265651727e-06
1.0
1.0
6.04107832947927e-07
0.00013404556822503
0.32370456932389696
1.0
1.7937466339404102e-11
1.0
1.0
1.0
0.5305584672117729
4.77691086874664e-05
0.000604421209513344
3.9844212230172204e-05
2.24009556507155e-26
1.0
1.0080453781071499e-05
1.0
1.3261603381158598e-19
1.0
1.0
1.0
7.48774717605468e-13
1.0
1.1878154209088698e-21
1.0
0.0008508180311428639
0.0016174495906514802
1.0
1.0
1.0
1.0
1.0
0.0013449092731915
0.357092530709708
1.0
0.10998511739953098
1.0
6.40551822385932e-07
1.0
1.0
0.0409849870529454
1.0
1.0
2.7299786222220396e-13
9.23650448828412e-05
1.0
2.5994394208816e-11
1.0
1.0
0.9007438722345649
1.0
1.0
0.406813323356045
0.007463535441075541
1.0
1.0
0.329883342447945
1.0
0.000311312130212707
3.74940552815683e-13
1.0
1.0
2.3529158776433298e-30
1.0
1.0
1.0
1.10987695192178e-06
2.5999269338437e-06
5.3920380223222203e-11
1.0
0.0021015861966782
1.0
8.255927607429229e-07
0.0658640326029865
3.9669372724435297e-07
1.0
0.0082503991701076
1.53639899983232e-14
1.3354146342148e-07
1.3051436335265e-09
1.0
1.0
1.0
1.42448015303776e-16
1.0
0.000811587549374225
8.20430349410493e-05
0.00018376828558113898
1.0
1.0
1.0
0.000812309783546278
0.10714665327019801
6.10028230189344e-06
1.0
1.3319265386626202e-16
1.0
3.75522914172032e-08
1.0
1.36229283219901e-09
1.0
3.7814809457144903e-16
1.0
1.0
0.00394412364086285
0.0015720812878494699
1.0
1.0
1.0
1.0
1.0
1.0
1.0
1.87010340321109e-20
1.0
1.0
1.0
1.0
1.0
1.86425106718645e-13
1.8642530406689102e-05
1.0
0.00459870105241601
1.0
4.91643342375834e-21
1.0
1.0
1.0
1.0
1.0
0.6523197561865
1.0
1.0
9.15742553984788e-28
0.000723917767360594
1.0
1.0
0.14049640924318302
1.0
1.0
1.0
1.0
1.0
1.0
0.209175391912615
1.0
7.712777234824909e-17
1.89807056912439e-12
8.356369901449701e-10
0.151800258582052
1.0
0.00445834010243615
1.90698422300702e-05
0.706616435596037
1.0
4.63955688290507e-37
0.00201349412850252
1.0
1.0
1.0
5.799832299029129e-16
1.0
1.44802107284995e-06
4.226581525739539e-23
1.0
1.0
0.0619611023479202
1.0
3.23317472989881e-41
1.0
1.0
1.0
1.0
6.83963488548721e-06
5.216077936275589e-19
1.0
0.0788383281465516
0.21907201309139498
0.0010443454688982901
1.0
5.195194361250941e-12
0.192556698455833
1.0
0.0248839966124728
1.0
1.0
1.0
1.0
1.0
1.0
0.0416663939507808
1.0
1.75372745791682e-10
1.0
1.2710598161934699e-18
1.0
3.9969928326098e-08
1.0
8.84347177133938e-06
0.9071242833799941
0.000133852817147624
1.0
1.0
1.0
1.0
1.0
1.0
1.0
1.0
1.0
1.0
0.000233053262199776
1.0
1.0
0.000106608045829491
1.0
1.0
1.0
1.0
1.0
1.0
1.0
7.96047148584641e-20
0.0298995334633345
1.0
1.0
1.0
1.0
1.7545592178643697e-19
1.0
1.0
1.0
1.0
1.0
0.136624930508581
1.0
1.0
1.0
1.0
1.0
0.519551021203964
0.031293354921456004
1.0
1.0
0.000549889034706538
1.0
1.0
1.0
0.11367614261758698
0.18970495257206102
4.246472467965499e-21
1.0
1.0
1.0
2.56429892556201e-07
1.0
1.0
1.0
1.58987888232566e-07
6.58636780617147e-09
1.0
1.0
1.0
1.0
0.0227973260162437
1.0
1.21947288234311e-05
1.0
1.0
0.0431331939919864
1.0
1.0
1.0
9.74918253508513e-05
1.0
1.0
1.0
1.0
0.0352261176556934
1.0
1.0
0.9852736578272021
3.2130471413160504e-10
0.00023001109375411698
1.0
1.0
8.275675705290459e-11
0.0017576892116607
1.0
0.13669401189264
1.0
1.09875900460166e-07
1.0
0.000312465272464027
0.7201583271445892
1.72601039637446e-20
0.00457781516809382
1.03066593324359e-12
1.0
0.000361598478863326
1.01106398605535e-08
1.0
1.0
0.347834006699614
1.0
1.0
0.0052436611862238
1.0
2.99731147253307e-11
0.38933196059468395
6.77238239471725e-13
1.0
6.3324660327329e-19
1.22797274632243e-15
1.0
1.0
1.0
1.0
1.0
2.09655014891792e-20
1.0
4.95182863326998e-19
1.0
6.2631306972977e-18
1.0
3.57844772809981e-07
1.0
1.0
0.00937398483921406
1.0
0.00500354820313326
1.3131482565584599e-05
0.00741302015870045
1.3070835710313499e-09
0.0322484857484389
0.000771412981647364
1.0
1.63137095300498e-10
1.0
1.0
0.00400899602947913
1.0
1.0
1.0
1.0
1.0
1.0
6.29279174616873e-18
1.0
0.00265784133855309
4.9409204297333196e-26
1.0
1.75406415179122e-05
1.0
1.0
1.9378874084292198e-22
4.0345146744753503e-11
1.0
1.0
0.0102667781058696
1.0
1.0
1.0
1.0
1.0
1.0
1.0
1.4175198158823601e-06
1.0
0.000357449587535569
0.21268136005204602
1.0
2.7622551087383103e-08
0.000116896888966275
1.0
2.3444149482095896e-24
3.44814534214147e-06
1.0
1.0
1.0
1.0
1.0310364406119199e-07
1.0
1.0
0.0021995952294998396
2.97629526566129e-14
1.0
0.00556243919470844
1.0
1.0
1.0
0.101154972458936
1.0
0.10903011346931599
1.0
2.0813732923507197e-06
1.0
0.20717303040698498
1.0
1.0
1.0
1.0
1.0
1.0
1.0
1.0
1.0
1.0
1.0
0.20028157183924802
1.0
0.0565048485041719
1.0
1.0
1.0
2.08899296900707e-10
1.0
2.04722424177876e-13
0.0153903366666006
1.0
0.19720454664880302
0.438653934903182
1.0
3.4699574097510697e-29
1.0
0.47294786742507205
1.0
1.0
1.0
0.19249252892146104
2.13774920780251e-25
5.15368250312313e-05
1.0
1.0
1.0
1.7890679466186898e-17
1.0
1.0
0.000544033459375757
1.06736417490159e-08
0.174544645067179
1.0
1.0
1.0
1.0
1.0
1.0
1.0
1.0
1.0
1.0
1.0
0.000842806707243024
7.25039106076374e-06
3.18036202358786e-05
1.0
0.0019699461210473898
1.0
0.00031474540624679197
0.0001482244792632
1.0
1.0
1.0
1.0
6.528887081688491e-17
1.0
1.0
1.0
1.0
1.0
1.0
3.60842851263332e-14
1.0
2.5204655213096304e-09
0.013719980426571002
1.0
1.0
4.5361503485899103e-07
1.0
1.0
1.0
1.0
2.84961102877475e-25
1.0
2.74925052043609e-13
1.0
1.0
1.0
1.0
1.0
0.00169188620786127
1.0
0.0177158037328369
0.562288458567624
0.00036630285562756
1.0
1.0
1.0
0.00989616030286272
1.0
0.458196491153087
8.568845314830791e-19
0.0015191432994562698
0.100640380462745
0.0985333678500634
1.0
0.00329711121736514
1.0
1.0
1.0
0.000435325052640885
1.0
5.38984935184316e-30
1.0
1.0
3.3720376955695096e-20
0.0020465440921468
4.2837706824088503e-07
1.0
1.09081793892619e-09
0.21630293891791602
1.0
0.33432542370252
0.0008388829043418691
1.0
1.0
1.0159247606917001e-18
0.00163063476886406
1.0
7.85603321108129e-10
1.0
1.0
1.0
4.7043538725435996e-05
0.272695278199084
0.0194690130839811
1.0
3.2978247469536696e-24
0.0118381815168419
1.0
1.0
1.0
1.0
1.0
1.3108813743141803e-17
1.0
0.0011356674161856698
1.0
1.0
0.0188093946163369
1.0
1.0
1.0
0.40431119179903
1.0
2.79405195827632e-05
8.814990878584821e-05
1.0
0.0236661864770533
1.0
1.0
1.0
1.0
1.0
1.0
0.150391895017719
1.0
1.0
0.118588070144996
1.0
0.00314582090414087
1.0
1.0
1.0
0.0760556941401643
1.0
1.0
1.0
1.0
1.8025842641009397e-09
3.91116252465262e-15
1.0
1.0
1.0
1.0
1.0
1.0
1.0
2.97346138385452e-12
0.000175847996336098
6.71911163181755e-05
1.0
1.0
1.0
6.55302475617052e-05
1.0
1.0
1.0
9.524425213912741e-07
2.5182320731811e-24
1.0
1.0
1.0
1.0
1.0
1.0
0.000837254332538821
1.0
1.0
1.0
1.0
1.0
1.0
0.0665221096047522
0.034780676077355
1.0
2.92154196196074e-20
1.0
1.0
1.0
1.0
1.0
1.0
1.0
1.0
8.5796210037345e-06
1.0
1.0
0.0189373533574185
1.0
1.0
0.0237059957980122
1.0
0.44566632169109294
1.0
3.81725761810403e-18
1.0
0.240317926935228
0.00633708993283796
9.45711108662231e-14
0.000794535140584529
1.0
1.0
1.0
4.8789355621803795e-33
3.81564543197916e-11
1.0
1.0
0.24911973527992004
2.0062350791239798e-12
8.42195706763989e-05
1.0
1.23284834771386e-06
1.0
1.0
1.0
0.0951777405432398
1.0
1.0
1.0
1.0
1.0
1.0
1.0
1.0
1.9525451181069498e-08
1.0
0.5916613355111771
1.0
1.0
0.0813715643240099
1.5995051174723198e-15
1.0
1.0
1.0
0.0593449780059679
1.0
1.0
1.0
7.66892649545587e-10
1.0
0.605473083465292
1.0
1.0
1.0
7.82451039314228e-05
1.06590831725711e-09
1.0
5.15251121215271e-15
3.6821760558610294e-13
1.0
1.0
0.314170757051047
0.156282554539331
0.00938084207655024
0.00630213069750273
1.0
1.0
1.0
5.9193462098857e-13
1.0
4.29157176928279e-12
0.733379551948575
1.0
1.0
1.0
1.0
1.0
1.0
1.0
0.605755653076164
1.0
1.0
1.0
1.0
1.0
2.11341431914889e-08
3.61245573407103e-10
1.0
1.0
1.0
1.12628220494921e-05
1.0
1.0821492715938e-10
0.0494788539436639
1.0
9.497779788267909e-06
9.120590018981128e-17
0.0398213906607944
0.0017719277272606102
1.0
1.0
1.0
1.0
1.90766246667037e-10
1.0
7.20805095773429e-05
1.0
1.0
1.0
5.33444642660681e-10
1.0
3.1021654214257203e-16
0.000193192105257868
0.000461220595473692
1.0
0.00109931435981573
1.0
1.0
1.0
5.76314483941234e-08
0.0902074704454763
0.209739229479708
1.0
1.0
0.594181529655959
1.0
1.0
1.0
0.786380944129525
1.0
1.0
2.39339778139516e-06
1.0
1.0
1.0
0.0061118838366749795
1.0
1.0
5.59796103908678e-07
1.0
1.0
1.0
1.0
2.5409884872483e-14
1.0
1.0
1.0
2.79869694991385e-29
1.0
1.0
1.0
1.0
1.0
2.4871562085386802e-11
1.0
1.0
1.0
1.0
1.0
0.42775449309251895
1.0
1.0
0.323743743477246
1.0
1.0
1.0
1.0
0.0562830078458668
1.0
0.0201574158973752
1.0
1.0
6.18029421665342e-28
0.00577621392569263
6.2060831542795e-20
1.0
1.0
1.0
0.0136059707620118
1.8253566240247698e-22
1.0
2.72110236052551e-05
1.0
9.077915787137929e-21
1.0
0.00408518263006675
1.0
0.158436945856855
2.77645192922476e-13
1.0
0.00010595038856684301
1.22087137822268e-05
3.11442791083586e-10
0.000194866672574988
1.0
1.0
1.0
0.5803798638535429
1.0
1.0
2.39089796435233e-19
1.0
1.0
0.0270231599007948
1.0
2.22727874493811e-05
0.0746032311504394
1.0
1.0
1.0
1.0
1.0
0.0112346149874697
2.9424326360301495e-20
1.0
1.0
1.0
4.10560748625038e-06
1.0
2.1475191904419898e-29
1.0
1.0
1.0
5.43115413714461e-12
1.0
1.0
1.0
0.16887111613538097
1.0
0.13620095537174498
1.0
1.0
1.75747122681024e-11
4.23040352531618e-08
0.014900271095036001
2.59947131429426e-14
1.0
3.85428841439862e-16
1.0
0.000989853910577834
1.0
1.0
4.1947207139374e-06
1.0
3.50711714714295e-07
5.54951236482715e-08
0.14533713342493
1.0
1.0
1.0
2.86768482055192e-25
1.0
1.0
1.57114691147199e-06
1.0
0.0009040392347628859
1.0
1.0
5.3074263641877795e-15
1.0
3.97727614492289e-13
1.0
1.51044814606927e-24
0.0978749589188221
1.0
1.0
0.0228086387647325
1.0494951739529698e-21
0.464164916462085
1.0
1.0
1.0
0.00413531353197351
1.0
1.0
1.0
0.78904626993186
6.8522624446326e-08
0.033798667970489
1.0
0.14605224657987398
1.0
4.321980209710921e-09
1.0
2.03881017550789e-06
9.71041674833783e-18
2.32296978051664e-20
1.0
0.000311663730086517
0.000151129652019944
0.0383859130288204
0.208714435122452
8.937451992679109e-05
0.0639816758941644
4.12312014909827e-13
1.0
1.4302077813140098e-13
1.0
0.0909337076824131
4.86033927911503e-08
1.0
1.0
2.11001259660406e-06
1.0
1.0
1.0
5.23409257696213e-18
1.0
1.0
1.0
1.86220170690824e-10
3.02694075520627e-15
2.3459851801961604e-14
1.0
1.1689428802999401e-11
0.138717542399526
1.0
1.03926185383691e-07
1.0
2.2223109840406097e-12
1.0
6.775201108729139e-13
2.6117585838425e-12
0.0252238847016492
0.10642267235392901
1.0
1.0
1.0
0.0005011015562647389
1.0
1.0
1.0
0.0066862739484032105
1.0
1.0
1.0
1.1332893197853698e-11
2.9920851137093696e-19
1.0
1.0
9.8696496408863e-06
2.4786079523240997e-11
1.0
1.0
1.0
1.36455506119402e-20
2.06388891759762e-20
1.0
5.01818080569192e-22
1.0
0.000824418989076143
5.286313863181309e-24
5.144317967658549e-19
1.0
1.2211358733466002e-17
3.8882159710938e-05
0.00367212612950213
0.000300520915345994
0.0650899845210152
1.0
9.959554470432043e-13
1.0
0.00114990147779791
1.0
1.0
0.000345614425437962
0.023278921798823998
7.64485439537326e-08
1.0
6.3415473220587e-09
0.130990070299654
1.0
1.0
1.0
3.27910315637553e-08
9.101388044149299e-07
1.0
4.0973219982928e-05
1.0
0.0029240748901212
0.0026277648092704
1.0
1.4053174432236699e-08
0.241577776484365
1.0
0.00042170982317153
0.00530501293641265
1.0
1.6839979732236e-07
0.327799634111647
0.0087577400116145
1.0
0.00178629237205088
1.0
0.013273578860276001
1.0
3.98135882918902e-06
1.0
1.3451711437638302e-15
2.70067595109056e-06
1.0
1.0
0.00420976502071856
1.0
1.23185125221704e-07
1.0
2.95252359123014e-06
8.603301527329452e-15
2.60850289208606e-05
6.4116244884238e-12
7.12492641550496e-06
1.0
1.50400005657646e-06
6.901575199808079e-05
1.0
2.0844542717427197e-11
4.764460626099971e-10
0.00234547026283925
2.18144690165691e-14
1.0
1.0
1.0
1.0
1.0
1.0
1.0
1.0
5.66272341054671e-06
0.000815762354525167
1.04805314051794e-12
2.44251720786632e-09
0.00194344909412192
1.0
1.0
1.0
0.000112994351424282
1.0
2.2004099909050897e-18
1.0
0.042049579577913
1.0
1.0
4.20567044575835e-07
0.000222204589388516
1.0
6.443663112294709e-19
1.0
1.0
1.0
1.0
1.05817027414367e-11
1.0
1.6229522331259502e-07
0.654726891600206
1.0
1.0
0.0304842775663604
1.7673791612355399e-15
4.18523226388892e-07
1.0
1.0
0.0030349121987531397
1.0
0.0020744377757252602
1.0
1.0
0.0689272398110633
1.0
8.726577067889558e-07
1.0
1.0
5.3457526451442295e-05
5.6992154760414505e-05
2.7538637766882402e-14
8.449428397852991e-10
1.0
0.25610305378224896
1.0
1.13429066141497e-27
1.0
1.0
1.0
0.0107730346452207
1.0
1.0
1.28377358429151e-06
4.05229971044118e-10
1.0
7.37689746804328e-12
2.28169662977849e-22
2.35521712181037e-08
9.65626166444127e-08
1.0
1.0
1.0
7.53594369654207e-06
1.0
1.0
0.535931950625564
1.0
0.00461838480565337
2.6650333024778e-05
1.798762541776e-25
0.11166103346280802
1.0
1.3134834960111902e-17
1.0
1.0
0.00378667547744174
1.0
1.21848760691966e-07
1.13607517768841e-05
1.0
1.0
1.0
1.0
1.0
1.0
4.85132091905133e-17
5.8100027267403006e-05
0.0884600831407221
1.0
7.79673041858942e-11
0.0807603845687159
0.129437933340639
1.0
2.54334356661914e-18
1.0
1.59985064040596e-09
1.39887300307118e-08
1.0
1.0
1.0
1.0
1.0
1.0
2.0480986615523003e-13
1.0
7.263246860701801e-12
0.00601415649931016
1.2624119432414699e-17
1.0
1.11051732966591e-19
0.000436861023701941
4.07374126961969e-16
0.000813588344510103
0.00121575367330501
1.0
2.68589687696994e-06
1.0
0.000177698680951499
4.1188967402614395e-05
7.633573130665941e-16
1.0
0.12825628256471
0.0900663330140316
1.0
7.339251130598e-20
1.0
1.2308282069422399e-23
1.0
1.0
1.0
1.61703798196022e-16
1.0
0.0135190502846381
1.0
1.0
1.0
4.174395035183509e-12
1.0
1.0
0.000113318703769772
3.9860833614255703e-11
0.0032897398015109
1.0
0.0218397703492745
0.248103649349939
5.82436301602861e-22
1.0
3.1627771377726094e-20
2.51226405349056e-30
9.25259021141404e-08
1.0
1.0
1.0
0.00644363579378499
4.51337780248525e-21
1.0
0.007530633657745341
5.8814399048075904e-05
1.0
0.000385636962835932
1.0
1.0
1.62966186037569e-11
3.7707395738427797e-13
1.0
0.00231985752555011
3.4432613846582603e-14
2.1323959259404797e-22
0.5656576389918211
1.0
1.0
2.1813387006504699e-07
1.0
1.0
9.59279845250196e-12
1.06234438840651e-15
1.0
1.0
1.59136623375949e-07
1.0
1.1163631822358698e-19
0.0653287609540576
1.0
0.0074072376471653704
1.0
1.0
9.061854067283701e-23
9.03209212278287e-05
6.479295914879691e-16
0.0173896028584474
4.17953006038844e-18
1.0
1.0
1.98338995827273e-16
0.44871735495695597
1.0
0.12799548038990802
1.0
1.0
1.0
1.0
1.84647499545234e-10
1.0
1.0
0.16896353300132996
0.0028747426337174396
1.0
1.47162069443168e-27
4.7632739172054e-06
0.0798443569366171
2.96360018607854e-40
7.38219633889876e-07
0.00201918998093966
1.0
7.7663800285568795e-25
7.935427321251571e-07
1.0
1.0
3.02801254687227e-11
1.0
1.0
1.13197460198714e-08
1.0
2.59663904690262e-08
1.72344238938956e-15
0.21657393971176003
1.0
0.7181573352732691
0.007354442278943179
0.00195735993224113
1.0
0.278357039041519
1.0
0.00574624344166835
1.0
1.0
1.0
1.0
0.009646642231282691
1.0
0.160284792396613
1.0
7.923795319893509e-27
1.92684681660456e-15
9.76916332290069e-05
0.000491610597621106
0.000108047662870739
1.0
1.23381271855666e-05
1.0
4.10018253904609e-08
1.0
1.0
0.000109419378532979
1.0
3.5096785888499197e-19
1.0
1.0
1.0
2.64637972463263e-11
8.184929218794579e-08
5.81241668494869e-13
0.16943070904167
1.02669078744167e-08
1.0
0.136825319764957
0.9668554936033149
1.5005124516721398e-25
1.0
1.0
1.46197531075e-14
1.0
5.0542313170377184e-48
0.18657952514131895
1.0
2.41770382190792e-08
1.0
1.0
1.24136508498929e-16
1.0
2.7988936357523802e-11
1.18526145877192e-12
1.0
1.0
1.0
7.822784414132339e-28
1.0
1.0
1.0
1.0
7.42628853638805e-21
1.0
1.0
1.0
1.0
1.0
1.0
1.0
0.00714290544168576
3.8266702610113596e-08
0.0440367948854221
0.00350118547898311
1.0
2.6572522500416304e-07
1.0
5.621142585311909e-40
0.692629727251828
1.0
1.0
2.56090134194086e-06
5.6033170172530196e-14
1.0
1.0
0.0678751135788447
1.0
0.77424549861049
1.0
6.1066881222446e-06
3.4114671612669803e-09
1.0
1.0
1.0
1.0
1.0
1.0
1.0
0.00010619907383449599
1.0
1.51761117142697e-07
1.0
1.0
1.0
1.0
7.3040614572742e-06
1.0
1.0
3.2829389615950894e-20
1.0
0.7409843062839241
1.0
1.0
1.0
1.0
1.0
4.51784860630881e-05
1.0
1.0
1.5188564461727898e-14
1.0
1.0
0.46207491270428097
2.29799135975911e-12
0.00717254098554906
0.0878936019266814
1.0
1.0
0.00018975933325481202
1.0
1.0
1.0
0.006875436519492121
1.0
1.0
1.0
1.0
1.0
1.0
0.0092141945633301
1.0
9.699199208424201e-05
1.0
0.0018494246051071102
3.25088801363938e-10
1.7067654837559998e-22
1.0
1.0
1.0
1.0
1.0
1.0
1.0
1.0
1.0
1.0
2.77287008036681e-23
6.2965849903827e-07
1.2745964697759e-16
0.047940046014968
7.87796496097645e-07
1.0
1.0
0.0005235707589586059
1.0
1.0
1.0
1.0
1.0
1.0
1.0
0.325298555413813
0.33754205839340595
1.0
1.0
0.265867055227665
9.83535756267585e-22
0.00883760452451088
1.0
9.79346393660888e-08
8.00107479292796e-10
0.000791654175576767
1.0
1.0
1.0
1.7291264750991e-35
1.0
0.00023829362359349302
0.0279324131579475
1.0
0.00110143093718382
1.0
1.0
1.0
1.0
1.0
1.0
2.5602821330307798e-11
1.0
0.000107151547331714
1.0
1.0
4.5552808447463706e-08
1.0
1.0
1.0
1.0
1.0
1.9206587347144197e-13
2.17238272447607e-12
9.55199013780705e-07
1.0
1.3415494022847e-07
0.9725229572639009
1.0
0.00890758056910945
1.0
1.0
0.8234651876916559
1.0
1.0
1.0
1.0
1.0
0.0035675521305461202
1.0
0.0836257823504495
1.0
1.0
1.0
1.0
1.0
1.0
1.0
0.00173467767151471
0.7054037861599459
3.24759956264985e-05
1.0
0.449116627442132
1.0
0.00288746237889922
1.0
1.0
0.00326356294293755
1.0
1.0
1.0
1.0
1.0
0.29359413098551096
1.0
2.47060193156933e-06
2.0782135134542e-11
1.0
1.2505297312341597e-32
1.0
1.0
0.00145250525724343
3.5714592014121097e-13
1.0
1.0
1.0
1.0
1.7320101015675597e-09
1.0
1.0
9.84430297778449e-07
7.0718609698317e-30
1.0
1.0
1.0
1.0
1.0
0.000267026471635862
1.0
1.0
7.23131061565358e-08
0.932084973670402
1.0
1.0
1.3496301081914599e-05
1.7721124744675502e-13
1.0
3.10229282615219e-05
1.0
1.0
1.0
1.011321880904e-08
1.0
1.0
1.0
1.0
1.0
1.0
1.0
1.0
7.51448931653718e-08
6.7032841514115e-07
1.0
0.19299520723964003
0.00154447548920554
1.0
1.0
5.613487276399389e-06
0.013535984057016
1.0
3.83187295224195e-05
1.0
1.0
1.0
4.26904456787241e-33
1.19434034725115e-26
1.0
0.000212130832443598
0.000755053264502754
8.168360494311659e-06
5.290603764296921e-07
0.00669523565844936
1.0
1.0
1.0
1.0
0.5890404349319649
0.0117024538894503
1.51236004823226e-08
0.00213734226630161
1.29632366589914e-05
1.0
4.91311040163645e-08
1.0
0.057342713402798
5.5403497728874e-17
1.0
5.98452021864981e-09
2.0243990719373e-05
1.0
2.0606043012655903e-08
1.0
2.3252443062605002e-10
5.441797265823779e-11
2.6455058845509996e-22
0.32662423444683103
4.784598601733339e-09
0.00688955503255253
3.7937442700331503e-07
1.19413841027004e-17
5.82538166348583e-17
1.0
1.0
1.0
9.91713747338498e-06
2.25968961187853e-22
4.6269552035406604e-10
0.0157709903115294
1.0
8.65490236672548e-24
2.0957345268916697e-18
1.0
1.0
6.04523116231973e-10
1.0
6.07535184904267e-07
1.0
0.25039786195706
3.27346341970389e-35
2.7923839326578498e-09
1.0
1.84386672445047e-05
1.0
1.0
1.0
1.0
1.0
1.2982949169717698e-15
2.48734585101817e-08
1.0
1.0
2.44546155498453e-05
0.0179073932295574
1.0
6.58217541074679e-08
1.0
4.84896310895483e-12
1.0
1.0
1.0
1.0
3.20634949111053e-08
1.0
0.951119962900636
5.10804634790022e-09
1.0
0.00403872940040049
1.2611007860283998e-23
1.0
9.29785104746235e-12
1.0
1.82757492038677e-09
1.0
1.0
1.96845811171642e-06
0.0539313335490229
1.0
3.49709808861327e-05
1.0
0.104006557142151
0.0517252239020214
0.00440944492173906
1.61474688729523e-08
0.0167722536509712
1.0
1.0
1.0
1.0
2.10084921822956e-09
1.0
1.0
1.0
1.0
7.62047761150065e-11
1.0
2.8555249762911893e-23
0.000508081476371506
1.0
0.0181604663105434
0.19394128686678802
1.0
0.0941621357992446
1.0
1.0
1.0
0.101854600262035
2.04593556182031e-06
3.6369848012273294e-05
8.20747896016749e-12
1.0
1.0
0.0571917591625008
1.0
1.0
0.646694880683058
1.0
2.84024108952449e-05
0.00397462279701486
1.0
1.0
1.76482677630306e-08
1.0
1.0
1.0
1.0
4.12130580005919e-12
1.0
0.9990519083705529
1.04603401166822e-08
1.0
1.0
1.0
1.0
1.0
1.0
1.0
0.0043608752716162895
1.0
2.97975763362877e-16
1.0
1.0
0.50343922161292
0.0027658889651470103
1.0
2.4316372583418498e-06
1.0
0.047071427613363
1.0
5.53096715607303e-12
0.00123510571020151
1.29485348748256e-20
0.133030128052488
1.0
1.0
1.0
1.0
1.0
1.0
7.29938640236685e-07
1.0
1.0
1.0
1.0
1.0
8.450277302289371e-10
1.0
0.0017937893442343102
9.25093177601449e-07
1.0
0.000355977363765027
3.18391634575371e-05
1.71655128726305e-07
1.0
0.333335659740302
7.03799954321047e-17
1.0
1.0
1.0
1.0
0.0216233496119577
3.4733702382743004e-08
1.0
1.13524945236847e-16
1.0
1.0
1.0
0.00824779741293883
0.550095180994939
1.0
1.0
0.327926725008228
1.0
4.98124357666101e-10
1.0
1.0
1.01639406926984e-07
1.0
1.0
1.0
1.0
1.0
1.0
1.0
0.00456921515480238
5.995212856638269e-20
1.0
4.042206299724329e-39
1.45281397690228e-05
6.9460846172748e-31
4.18122091822799e-12
5.164931068055721e-11
1.0
1.1861694182601698e-19
1.0
0.24627910933477498
6.04728117793271e-30
3.8283354106024195e-17
1.0
1.0
1.0
1.0
1.0
0.000720812856775397
1.0
1.0
2.8089609119788298e-22
1.0
3.1588509320103697e-09
1.0
1.48875862285263e-23
1.0
1.0
4.60966473612644e-11
0.00294490945524785
2.22502987466436e-16
0.0282387191840039
3.66045379640168e-12
1.0
1.0
4.9040775397717e-08
1.0
1.1563414103169901e-09
1.0
1.0
0.192052441538168
1.0
0.00127763097561873
1.0
0.0018272686609737
1.0
0.000348631299247125
1.0
1.0
1.0
1.64478797395137e-17
0.8936381600216841
1.0
1.0
0.879223296131201
1.0
1.0
1.0
0.00118097250668842
4.974309726286329e-19
1.0
1.0
0.35066296185725704
1.0
1.0
1.0
1.0
0.0005994681162920129
1.0
1.0
1.0
1.0
1.0
1.0
2.5236559159282003e-08
1.0
1.0
1.0
4.2180502178008794e-13
1.0
2.64026886158292e-10
1.0
1.0
1.0
1.0
1.0
0.236748170526587
0.896592065864664
1.0
1.0
7.43231115838525e-09
1.0557217799680401e-16
0.00469250177640191
1.0
1.0
1.0
4.0147672380653196e-08
1.0
0.45899296674622797
0.06895928094152401
1.4466635662793697e-07
4.45704681806686e-09
1.62141665914975e-29
1.0
1.0
1.0
1.0
1.0
1.0
1.0
1.0
1.0
1.0
1.0
3.93535179152035e-09
1.0
1.0
1.0
1.0
1.0
1.0
1.0
1.0
1.0
0.16947310044388197
1.0
1.0
1.0
1.0
0.0180091884362383
1.0
2.90284424475468e-05
1.0
1.7832001392489398e-07
1.0
1.0
3.29245622730226e-05
1.0
1.0
1.0
1.0
1.0
1.0
1.0
1.0
0.0248996169572212
1.0
1.0
1.0
1.0
1.0
1.35248365830019e-21
1.0
1.0
1.0
1.0
1.0
0.000598773270661304
1.0
2.80736283103761e-06
1.0
1.0
1.0
1.0
1.0
1.0
1.0
1.0
1.0
1.0
1.0
0.0004904856418432799
1.0
1.0
3.4101858321458504e-13
1.1771833078845401e-05
1.0
1.0
1.0
1.0
1.0
0.00231571761382603
1.0
1.0
0.34782631890856697
1.0
1.0
3.45424407493032e-10
1.0
0.0933905714914447
1.0
0.35743981346365006
8.999503574142369e-20
1.0
1.2330699462931002e-07
1.14368667791521e-11
1.0
0.685156477733488
1.0
1.0
1.0
1.0
1.0
9.56444444899415e-09
1.0
2.7558059379714e-08
1.0
1.0
1.0
1.0
0.231003932521528
1.0
4.56942074425493e-14
0.609874935240297
1.0
1.0
1.0
1.0
1.0
1.0
1.0
1.0
1.0
1.0
5.09490769864599e-07
1.0
0.0186213269672489
5.63869870890119e-13
0.00924843189546817
1.0
3.00099883416233e-05
5.63891461460771e-05
0.784140927519145
0.0107613695899009
0.00261913988492534
1.0
1.0
1.0
0.000320209948231294
0.00014087637815808702
1.0
6.43731140956193e-10
4.90700582576912e-24
1.0
1.0
1.0
8.474006569334769e-20
1.0
1.0
0.000197845213735764
1.0
1.0
1.0
1.0
0.793971189284083
3.27513308801388e-10
0.00229857269170719
1.0
2.4919823540049305e-16
1.0
2.8620738390870602e-11
1.0
1.0
1.0
8.8802077561968e-06
1.6820682911524e-05
1.0
1.0
1.60100210472485e-08
9.2021223341895e-11
0.0012055806817569698
0.37501705525263
3.62679184148273e-07
2.83735735761661e-22
0.00243418832802788
1.0
1.0
1.0
1.0597534981701e-08
1.0
0.000156356859286564
0.13868334718114403
1.0
1.0
1.45596503147129e-08
1.0
2.89262835770499e-06
2.9098014035741602e-05
2.66686088242537e-05
1.0
1.0
1.0
1.0
1.0
5.9843696420076e-11
5.1256063330309105e-23
1.0
1.0
1.8389449167272697e-32
1.0
1.0
0.0006228173501523991
0.000958941303230833
1.06622919608749e-20
5.49442032779211e-05
8.74281030971278e-19
2.3106096380958897e-11
1.0
9.522190884986411e-06
1.0
1.0
1.0
1.0
2.28594269282337e-12
0.358489939386691
1.0
6.68934497355047e-06
1.0
0.0057306663692113895
0.00838594247717864
7.49424946066175e-07
1.0
1.0
1.0
2.6588434061993196e-12
1.0
1.0
1.0
0.144678113057677
1.0
1.0
0.000285817996812381
0.00501223439810295
0.0140831523746247
0.0030101813164259803
1.0
8.652673099956229e-09
0.212604610726077
1.0
0.00519056562933769
1.0
0.000447771129101042
7.717944607514458e-17
1.0
1.0
0.8521516444670171
5.59092821968338e-08
1.0
1.0
2.5595740288225697e-08
4.11409218401454e-13
1.01141611832269e-17
1.0
1.0
2.3075471374676898e-17
4.0050236706317603e-07
1.43226807440339e-14
0.000412887376483617
0.00147273474822079
1.0
1.6710792653648999e-09
1.0
0.495061877776656
0.275268783506268
2.0621105134952398e-25
0.227798316046744
1.0
0.0014224130183194401
2.43997891982369e-14
1.0
3.3106389847643396e-10
1.0
1.0
1.0
0.470876223366127
0.150770606765389
1.0
0.000371063080763302
4.77291154499282e-12
1.0
1.0
3.84578955313845e-09
1.0
0.0388735405693649
1.0
1.0
1.0
1.0
1.0
4.2795647466962003e-10
1.0
1.0
0.007231542056229529
1.0
0.34986676965464597
3.4967883870206106e-13
1.0
0.0520989440185857
1.0
0.000199789822263966
1.0
3.99885134683239e-05
3.0941230090011396e-07
2.86062131691292e-09
1.06241212751675e-05
1.0
1.0
5.677012241358051e-17
1.0
1.0
1.92005829906937e-16
3.25098031815517e-10
7.022932991496531e-16
1.7301311431018398e-12
6.482435004717429e-05
1.0
1.6714217128770096e-25
2.64480696248422e-09
0.00024189700536313502
0.000128714267316194
7.0322729189700794e-15
2.50339796760486e-11
1.0
0.000217610633609623
0.0053157475655721395
1.0
6.98676626712296e-07
0.0002993992128249
0.8289725383115291
2.74067585857805e-19
1.0
1.0
1.0
1.0
1.0
1.0
8.895437487140308e-17
0.24813200354133397
1.6012776530132998e-15
6.84074740853832e-05
1.0
0.000571542621529587
1.81540432899919e-08
1.48690773171858e-07
1.98996035079343e-08
1.0
1.0
0.0268298480301616
1.52725721665223e-17
1.0
2.2758333953022602e-05
1.0
1.23580715182106e-08
1.0
1.0
0.0721595036318457
1.0
1.48112905312075e-07
7.06262796288688e-11
0.017999162039826
1.0
8.89209997418109e-27
1.46463485565414e-06
1.0
1.0
1.3465654875351798e-16
1.0
1.0
1.0
1.0
0.220495195328426
1.55605483849254e-15
0.000480404334569509
3.2870649825325006e-11
1.0
1.0
1.0
1.0
1.15952489067771e-14
1.0
1.1295835526610802e-07
1.0
1.0
1.0
1.0
1.0
1.1559455101336199e-10
0.0449393964225558
1.0
1.0
0.000302803840416039
1.0
9.73347219839715e-08
1.3544311666936e-06
1.0
1.0
0.00388828972909091
1.58770745863096e-09
1.0
1.9742049977581898e-07
1.0
5.78068846128362e-13
3.13732536373811e-05
1.30148120093122e-15
0.6309939604082501
1.0
1.0
1.52492685702599e-22
1.0
0.000270882468895128
3.48042408506584e-10
0.0975546064760502
2.0156220776008e-06
3.65026843755403e-05
1.0
0.000347583451962109
1.0
0.0103172153868148
1.0
1.0
1.0
1.9255862800004396e-06
4.75135645539102e-05
1.85214183576973e-09
1.0
1.0
6.9306837854397595e-06
0.00425372009033531
0.00192028655618298
0.485586442380498
1.0
1.0
1.0
1.0
1.0
6.39898884507125e-07
2.75396224248112e-26
3.49344684002963e-14
9.612145850578791e-17
1.0
1.0
1.0
5.88925081336445e-07
1.0
1.0
1.0
1.86424905477178e-06
1.0
0.00016497278036125502
3.28661149880567e-11
0.00067543463557172
1.38307061053297e-05
1.0
2.2871309187198998e-05
0.000350808521329629
6.98390886155119e-06
1.0
0.00125464114272319
1.0
0.0200260769557288
1.0
1.0
1.0
1.0
0.20773932578699303
1.0
9.49758827019614e-10
1.0
4.777000539199889e-20
6.97654465790858e-15
1.0
1.8956048474890602e-12
1.0
1.0
1.6344787356558402e-12
4.44832711098741e-15
1.0
8.211775136356e-11
1.0
1.0
2.8245289467695302e-05
0.000406776560106467
1.0
1.0
1.76694094277265e-05
1.0
0.330702249008235
1.0
1.0
1.0
1.0
1.0
4.4720823166590596e-08
1.02909713317121e-18
0.38374341479213103
0.0022517776144978198
0.747413762778227
1.0
1.0202942180208699e-05
0.00113279032917945
1.0
1.0
0.000161942789288863
1.0
0.013091010859816002
1.0
1.0
1.0
1.0
8.1972693302624e-06
3.90494543973288e-09
1.87073680252722e-36
1.4580356225839099e-08
1.0
1.0
1.47103922563582e-11
0.000280633456064842
2.49958221295649e-15
1.0
1.0
1.0
1.0
1.0
1.0
1.0
1.3093844504524e-10
6.79736930662378e-06
0.00207163808042167
2.55130320930466e-22
1.0
1.0
1.0
1.0
1.0
1.0
0.0393359628407034
0.000189084128020076
0.00532758479313263
1.0
4.2195038856078e-06
0.333064487672817
1.0
1.0
1.0
2.65994376954569e-15
1.0
7.251444360613409e-05
0.11059100314362401
4.71430702863199e-30
1.0
1.0
0.0447041724385862
1.0
1.0
1.0
1.60963263352196e-11
1.0
1.0
2.75684251906406e-08
1.0
7.30094381015482e-23
7.89175295889909e-10
1.82171567026703e-10
1.0
0.00332039306676336
1.0
1.0
1.0
2.4715601279470602e-11
1.0
2.1207453557258302e-17
1.0
5.8530313654275706e-05
1.0
1.34415928184965e-14
0.0678321840840744
0.000106289437741463
1.0
0.21144595857727497
1.10337014590049e-07
1.0
0.0184007530614157
1.0
3.96929748015354e-05
6.3647371042671094e-06
4.2989092013569396e-05
1.0
3.818921509646701e-15
1.0
0.0045423310315601895
1.0
0.0025007888005435896
1.0
1.0
0.190937457838635
1.0
3.75213800775627e-23
1.0
0.0196158925846412
0.00141221929727671
1.0
3.24393895612987e-12
1.0
1.0
1.0
1.0
0.11821390363712501
1.0
1.0
6.85086981348339e-07
1.0
0.0045756931612559995
0.000151326082092703
1.0
5.379030976394189e-19
5.26914425367918e-10
0.0671810048967601
1.0
2.4974779395710898e-34
9.63913842888483e-10
1.0
1.0
0.0023301022373427
1.0
1.0
0.0151322686727354
7.46570368684919e-05
1.0
1.0
0.0493205412466716
1.0
1.0
1.0
1.54615167151832e-09
0.6846589510801939
1.0
1.0
0.0309606176173124
1.73472348979022e-06
0.27151362885128605
2.6613448762658704e-15
1.61622488937003e-14
1.9321293264741796e-14
1.0
0.956868302541777
0.332496286915016
0.000550975003109375
1.0
1.0
1.0
1.0
1.0
1.0
1.0
1.0
1.0
0.00131194143949666
1.0
3.72510178609104e-05
1.0
1.0
9.84250761510896e-19
1.0
1.0
0.146522673225335
1.0
1.0
1.0
1.0
1.0
2.1490655937588402e-10
1.0
1.0
1.0
1.0
1.0
0.00308081078835112
1.0
1.0
5.04398793441842e-06
1.0
4.38498317217004e-26
3.10746523523705e-11
1.0
0.669917995367219
1.0
1.0
2.45339749605806e-06
1.0
1.0
1.0
1.0
1.0
0.14480200126139903
1.08421401047967e-06
0.00371228492342451
1.0
1.0
2.8506481077314397e-19
1.1976346475484799e-15
0.8046610396811821
1.0
0.15263982963927697
1.5374545523893198e-18
7.88103464394135e-18
0.06020436634525799
8.951462004280021e-05
0.299558353349125
1.0
0.490498391911553
1.0
4.7453743476023904e-07
1.0
1.0
3.27694539358152e-08
1.0
1.0
1.0
1.0
3.8232093122759604e-10
4.03057932507746e-06
1.0
1.0
1.0
1.0
1.0
1.0
1.0
1.0
1.0
1.0
0.000571320150686158
1.0
1.0
9.801993690118821e-21
1.0
1.0
1.0
0.00046882274200528396
1.0
2.59771771475508e-05
1.0
1.0
2.8554426775872096e-14
0.197797580020563
1.0
1.0
1.0
1.0
5.41801891009904e-22
1.0
1.0
0.547772824579971
1.0
3.0593642318993103e-35
1.0
0.00108610480117532
0.0151727530837428
0.137119520038393
1.0
0.547888003595629
1.5636146289396002e-06
1.0
1.0
0.295512848624584
1.0
1.0
1.0
0.00149899830629071
1.0
1.0
1.0
1.0
1.0
1.0
2.7504552555771003e-13
1.0
1.0
0.013582247952085
1.0
1.0
1.0
1.0
1.0
1.0
1.0
1.0
1.0
1.0
1.0
1.0
1.0
1.0
1.0
1.0423697259856701e-15
0.0176460947976053
1.0
0.00023161650493763101
4.43380482769345e-06
1.0
1.0
0.00123286447754931
4.95997946287211e-09
1.0
0.0139422881494179
6.696097561892289e-14
0.0032862944915889
1.11589753638034e-09
2.35492844260262e-05
3.26345538280799e-14
1.0
1.0
0.000233448312140159
1.0
1.0
1.0
6.50129655789057e-16
1.0
1.0
0.000283825790277577
3.41307772602113e-08
1.0
1.0
3.3118896751209e-11
1.0
1.0
1.0
1.0
1.0
1.0
0.0023424922446881697
1.0
1.0
1.0
1.0
1.0
1.0
1.0
1.0
1.0
1.0
1.0
1.0
1.8964663459008802e-11
1.0
1.0
1.0
0.0104610103872266
1.8879531503304998e-25
1.0
3.1145038320431894e-19
1.0
2.18191226775779e-06
1.0
1.0
1.0
1.0
1.0
1.0
1.0
1.0
0.11557239873150801
1.0
0.0008958819609726779
5.44815396957193e-20
1.0
1.0
1.0
2.35820352656232e-05
3.1162763029115604e-05
3.82543771417219e-20
1.0
1.0
4.63606652337133e-05
1.82744426501165e-11
1.0
1.0
0.0014534028660955801
1.0
1.0
0.036408803267377
1.0
1.0
1.0
1.0
0.0036537986327462
1.0
1.0
0.32568941556612896
1.0
1.0
1.0
0.0074571679633971
1.0
1.0
1.0
1.0
1.0
1.03539305411997e-09
1.0
1.0
1.0
1.0
9.99798583581584e-13
1.0
1.0
1.0
1.0
1.0
1.0838626114578698e-19
1.0
1.0
1.0
1.0
2.1287774588569797e-24
4.59902267437659e-10
0.645868966318276
2.39054310595731e-08
1.08854337703731e-06
1.0
1.0
1.0
1.0
1.0
1.0
0.000568025263721438
0.000518596162132598
1.0
0.0424281052521505
0.0207026245798964
1.0
1.0
1.0
1.0
1.0
1.0
1.0
1.0
0.29757032300509995
1.0
0.101073026193442
1.0
1.0
1.0
1.0
1.0
1.0
1.0
1.0
1.0
1.0
7.4247391972730496e-06
1.0
0.0168834107166385
1.0
1.0
0.00252367266881091
1.0
1.0
1.0
1.0
1.0
1.0
1.0
1.0
1.0
1.0
1.0
0.0136229435264056
1.0
0.366013297837339
1.0
1.0
1.0
1.0
1.0
1.0
1.0
1.0
1.0
1.0
1.0
1.0
1.0
1.0
0.196109688079773
1.0
0.940437641403023
0.335125134630378
1.0
1.0
1.0
1.0
1.0
1.0
2.5895169262729502e-05
1.0
1.0
0.000146679839525574
3.34527716289049e-08
1.0
1.0
1.0
1.0
1.0
1.0
3.98987038760235e-10
1.0
1.0
1.0
1.0
1.0
1.0
0.21764329406745103
0.250700997274783
1.0
1.0
1.0
0.00556534568044715
1.0
1.0
8.95324628347749e-05
1.55287691188815e-13
1.0
1.0
0.10642526086545698
1.0
6.64607505167926e-05
2.5751873540034903e-17
1.0
1.61634944758792e-08
1.1867882340131599e-05
1.0
1.0
1.0
1.0
7.67202001884178e-18
1.0
5.79486475722785e-05
0.0708073993256223
1.0
0.007071160684018441
1.0
1.0
0.459937813391414
1.0
0.00213675845765684
1.0
1.0
1.0
1.0
1.0
1.0
0.00012946887768797198
1.0
8.40716014424053e-19
0.000114507725897501
1.0
1.0
1.0
1.4193161153538798e-13
1.0
1.0
1.0
0.00128896684497859
5.14009087570887e-09
1.0
1.0
0.00368636365773335
0.0167235369387261
1.0
0.00024095973106283902
1.05136985371491e-06
0.068208127606424
1.0
1.0
2.67767317480064e-10
0.304221129889659
1.69028584113552e-09
1.0
1.0
1.0
1.0
1.0
1.0
0.000212546011387302
5.0905249478623794e-18
0.0625180401571776
1.8129773766561202e-16
1.0
0.0728013835022169
1.0
0.19998909140055604
1.0
4.59938371847918e-22
3.2418230254756005e-08
0.000122262138618981
1.0
1.6738181360035e-20
3.2214616652191998e-27
0.0230249517462748
1.0
1.0
1.0
3.0569411425575e-07
0.00341280367645009
0.20638423620492302
1.0
0.215103453907893
0.17017025544578798
1.94420107531599e-06
1.91370753243848e-14
2.8814749647594698e-18
0.20315105080979398
8.842795718050029e-24
1.0
1.0516636981436802e-13
1.0939947292628199e-11
1.21999963104532e-11
1.0
1.0
1.0
0.681935291222499
1.0
1.0
0.0100383638492408
0.0015368040724888698
0.00023418124178679398
1.0
1.0
1.0
1.0
1.05033692192877e-12
1.20282381063251e-06
1.0
0.670510328658918
7.99220248704326e-07
0.0456437929455271
1.0
1.0
1.0
0.0750936700912998
9.89035372442746e-06
0.0013746232258227
1.0
1.0
0.000722789820490906
0.007159770458975541
1.0
3.01945822185924e-11
2.2777366990331603e-17
1.0
0.0007886487465633519
0.00114979713187932
0.0149508617835644
1.0
1.0
1.0
1.0
1.0
1.0
0.0575519862317123
0.0642749006720686
3.7710123987298204e-06
1.0
1.0
1.0
1.0
3.33827256378473e-11
1.0
5.601490306318e-35
0.00337998303930281
6.27249342677224e-08
8.4387290037297e-06
1.0
0.298934222380416
1.0
1.43496303401915e-06
0.16516888517243697
6.86104665888805e-08
1.0
6.058999564941081e-10
1.524642109826e-10
9.04153131346602e-26
1.0
1.0
1.0
1.0
1.1171681514561299e-10
1.0
0.00783166104385177
1.0
0.48039187667210204
8.62824659364977e-18
1.0
1.0
1.0
0.00010157883940610999
6.308160122313709e-17
1.0
1.0
1.0
0.00437213688202535
0.000360911922854614
1.0
5.599421962806981e-08
1.0
1.0
1.0
0.223075060309557
0.315743027415683
1.36732297954542e-07
1.0
8.429231585914889e-12
3.16801605005987e-05
1.0
1.64914937161975e-09
1.0
1.0
1.0
1.0
1.0
1.0
5.97315316412854e-07
4.85828832530027e-10
0.00298135263689611
0.00283700959081562
1.0
4.09969592638921e-05
0.00013364518279518
1.0
1.0
1.0
1.0
1.0
0.12967351935653598
1.0
1.0
1.4008064921951904e-13
0.318367835554518
1.0
0.0115198303505584
7.38111308621099e-06
1.0
1.0
1.0
1.0
0.0059436255609508
1.0
1.0
1.0
1.0
1.0
1.0
1.0
1.0
1.0
1.0
8.69123170039944e-18
2.34765659843805e-22
1.0
1.0
1.0
7.355895310223309e-35
1.58557595924454e-11
1.0
3.692830779080829e-05
0.00907599930157168
1.0
1.0
8.14262301275224e-10
1.0
1.0
1.0
1.0
0.0286193551396495
1.0
1.0
1.0
1.0
1.0
0.0459994488122563
0.616286220699161
1.0
1.0
5.43678212393542e-18
1.0
1.0
4.4729602557748397e-11
2.7454062163025897e-21
3.74942438171771e-08
1.0
7.22992831367006e-12
1.0
0.408414819206501
1.0
1.0
6.1015791089191515e-16
1.0
1.0
0.00101021795657071
0.0102081805410956
1.0
5.97025044145657e-05
1.0
2.09160402919956e-05
7.86763825120852e-05
0.9280103899741291
0.0005557527651363
0.000152837146816181
9.98322391974743e-11
2.1034466204253203e-10
1.0
9.317761675200259e-21
1.0
1.0
1.0
5.2485743597899296e-05
0.000665164016569392
1.0
5.10191460146605e-07
1.0
0.6619559318141199
5.63777624190166e-26
1.0
1.0
1.0
1.0
1.77387959590607e-09
1.0
0.0034300110917463104
4.7671394944557893e-23
6.26138080088768e-07
1.0
0.0330299241313036
1.0
1.90357849195123e-05
3.94814735181526e-16
4.31907289410064e-13
0.00630427570559488
0.08712744570134401
1.0
1.0
1.0
1.0
4.715043054644269e-08
1.0
1.2335538486799902e-13
1.0
1.0
2.58579963520838e-12
0.0168403483914086
1.0
1.0
1.0
1.0
1.0
0.0890830996217023
1.0
2.2503530637407799e-13
1.0
1.0
2.29858272617475e-16
1.36062960308114e-05
1.0
0.0557399779339052
7.3438735881710795e-09
1.0
9.017589450025e-25
1.0
0.13460554770942598
2.03974151226897e-32
8.0177462590106005e-25
1.0
1.0
1.9354363340995102e-08
1.0
1.0
1.0
1.0
3.03938950683729e-10
1.0
0.00663361374736968
0.00123915232641321
1.0
1.0
1.0
1.0
4.27556514910536e-09
1.59793146474081e-08
0.00223505650004697
1.0
1.0
1.3082575946381099e-18
0.000579855799317837
0.0982848163745924
1.0
1.0
0.0032192387519876103
1.0
1.0
1.0
0.0341801739720044
0.5238562135851721
1.0
0.681854909657982
1.0
1.9907865859436102e-08
2.63153242559356e-10
1.0
1.1755616594859e-15
9.95645329561245e-09
0.188367153208361
2.90743600681581e-23
8.778490826011781e-10
3.4753267218527696e-25
1.0
0.00021269981327838998
0.00044593242556568703
0.734235385284944
1.0
1.0
1.0
1.0
7.647360147537578e-09
1.0
1.0
4.2652296174809603e-16
0.44558311800711103
1.0
1.0
1.0
1.0
0.000153544754908946
1.0
1.0
1.0
0.44657039194994896
1.0
1.0
5.6355098402402e-12
0.00324305598294917
0.469995397245486
1.0
0.000541950655462337
0.00045217275795635304
1.0
5.8668386444575395e-09
1.10133805547008e-06
1.0
8.066555141444621e-05
8.07752648209869e-24
0.0304387027989092
1.9105192465912898e-07
1.0
0.12331510097585
0.87611466503637
1.0
0.14482759500094197
1.0
1.0
0.00236906373239604
0.00150064607523052
1.0
1.0
0.339837505456176
1.0
1.8804229886247e-24
0.00134971122671901
1.0
1.0
0.000282224148698329
1.0
0.204056430381822
1.0
0.00065749494553363
0.0631626246068001
1.0
1.0
1.0
1.26156826712822e-06
0.0344202959639714
2.0033984401394102e-07
0.0013420263380246199
4.1075728962165704e-06
1.0
1.95521923295241e-06
6.51063581705834e-29
0.7438499855953079
1.0
1.1160237549346e-18
1.0
0.13665282920642802
9.762552678843009e-08
1.0
0.28700698094758303
1.0
1.41273447447051e-09
1.0
1.0
1.0
1.0
1.01962427310865e-12
5.422228828765911e-15
1.0
4.5547736551825605e-17
0.841373516796206
0.000411901659220692
0.000216436210486676
1.0
0.000648898539865181
1.0
1.28864145009465e-10
1.0
7.74916699723417e-06
0.1402872173104
1.0
0.000443141993402843
1.0
1.0
0.0776544135486518
1.0
0.00106368620217068
3.26461781786856e-08
1.0
1.0
2.3618270314497503e-14
1.0
3.01552075017365e-07
1.0
9.204345440196139e-25
0.00139716344722954
1.0
1.0
6.88122441518031e-08
0.0568861007086368
2.3395753917849104e-08
0.920910793050212
1.0
1.0
1.0
2.1519242497644198e-08
1.75797078179555e-10
0.0005140257002379151
1.0
1.0
1.0
6.763639516819329e-07
0.302150969664636
1.0
1.0
1.0
1.0
1.0
8.84934205795625e-05
1.0
0.963354162065866
1.0
1.0
1.0
1.0
0.11562408452370301
1.0
0.0216899350621928
0.00750921213434965
1.0
1.0
1.0
1.0
1.0
1.0
0.000242388761389375
1.18010866522458e-06
0.0708062952562657
0.000374625856628388
7.321332393005379e-05
1.0
0.00766997981157811
1.0
0.0007087195652701531
1.0
1.0
3.49497158920124e-10
1.0
1.0
1.0
1.0
1.0
1.0
1.0
0.119264238188631
0.0276183422789107
1.0
0.000743424879276711
0.28383639814855105
0.004901241790548429
0.9076164951098129
1.10906115098938e-05
1.34770637465778e-26
1.0
0.00467860491074095
1.0
1.0
1.0
1.0
1.0
1.0
3.58356547988491e-15
0.0027384855394614
0.175442124540447
0.0018434179061617602
0.0498877723039954
1.0
1.0
1.0
1.0
1.0
4.62329041747622e-15
1.0
1.0
1.0
1.0
5.44359646251283e-11
1.0
1.0
1.0
1.0
1.8420655931272198e-25
3.61918464988179e-11
2.0963883126956e-32
1.0
0.25959041949504996
1.0
0.103480949345966
5.579665472206329e-07
3.48867467647355e-07
1.0
1.0
1.0
1.0
1.0
1.0
1.6862609286505803e-07
1.0
0.0152854398784988
1.0
0.0010252853531904
1.0
1.0
1.0
1.0
1.0
1.0
0.121593719914681
4.93771801839842e-10
0.000257013995368977
1.0
1.0
1.0
1.0
1.0
1.0
0.437755622942724
0.0010862463584560699
1.0
1.0
0.0762372577291525
1.0
1.0
1.0
1.0
1.0
1.0
1.0
0.19309250219573498
1.0
1.0
0.0653613925594705
1.0
0.0346190723369197
1.0
1.9327681003942398e-13
1.0
8.43069362782184e-09
0.00256655885007382
1.0
0.678673807686723
1.0
1.0
1.0
1.0
1.0
1.0
1.0
1.0
1.0
0.24091754700830198
0.0594966597853816
1.21953644962719e-21
1.0
1.0
1.0
1.0
1.0
0.141153858518793
1.0
1.0
3.07316163185305e-05
1.0
1.0
0.00202744987679553
0.0189418733707126
0.000147157869332682
1.0
5.780908374643539e-15
1.0
1.0
1.0
1.0
1.0
1.0
1.98626894480222e-16
1.0
1.0
1.0
1.0
1.0
1.0
3.8436392702711505e-14
1.0
1.0
1.0
1.0
1.0
1.0
1.0
1.0
1.0
1.0
6.75484322674216e-06
1.0
1.0
1.0
1.0
1.0
1.0
1.0
1.0
1.0
1.0
1.0
1.0
5.7908835434634605e-09
1.00142042623523e-07
1.0
2.47511180770226e-10
1.0
1.50385387578052e-06
1.0
2.09389072269909e-20
3.67877604512892e-21
2.91409758769454e-17
7.283715006488929e-14
1.0
0.33434373653801297
1.0
1.0
1.0
1.0
1.0713743299484699e-11
1.0
5.90977787038863e-06
1.0
1.0
2.4123846702541896e-13
1.0
1.0
1.0
0.64808952778938
1.0
1.0
1.65756442390661e-12
2.77285156607946e-08
1.0
1.0
1.0
1.0
0.00112755248013247
1.0
2.54394217295629e-32
1.0
1.0
1.0
1.0
1.0
1.0
1.0857588834285301e-17
1.0
1.0
1.0
1.0
1.1745484271692301e-06
1.0
0.0005352758337050241
0.0203392101134358
5.76726581316276e-07
7.981271617131992e-09
7.565401697291429e-05
1.7296695740853298e-06
1.0
1.0
1.0
1.0
1.0
0.6051990767622819
1.0
1.0
1.0
1.0
1.0
1.0
1.0
1.0
1.0
1.0
1.0701956537933999e-05
1.0
0.10659403556826899
1.0
1.0
1.0
1.0
1.0
0.0467596297760688
1.0
1.9372332057636302e-10
1.0
0.49493355545913303
1.0
1.0
1.0
1.0
1.0
1.0
1.0
1.0
2.32895546521809e-06
1.0
1.0
1.9585780736107498e-20
1.0
1.0
0.0045781154287320705
1.0
1.0
1.0
1.0
7.187172108798148e-21
1.0
0.304148505507171
1.0
1.1872583887687e-09
1.0
1.0
0.7736202963372522
1.0
1.0
1.0
1.0
0.0268282948211859
1.0
1.0
1.0
1.0
0.10419957388049099
1.0
1.0
1.0
1.0
0.336338804496686
